4	4	4	4	4	4	4	4	4	4	4	4	4	4	4	4	4	4	4	4	4	4	4	4	4	4	4	4	4	4	4	4	4	4	4	4	4	4	4	4	4	4	4	4	4	4	4	4	4	4	4	4	4	4	4	4	4	4	4	4	4	4	4	4	4	4	4	4	4	4	4	4	4	4	4	4	4	4	4	4	4	4	4	4	4	4	4	4	4	4	4	4	4	4	4	4	4	4	4	4	4	4	4	4	4	4	4	4	4	4	4	4	4	4	4	4	4	4	4	4	4	4	4	4	4	4	4	4	4	4	4	4	4	4	4	4	4	4	4	4	4	4	4	4	4	4	4	4	4	4	4	4	4	4	4	4	4	4	4	4	4	4	4	4	4	4	4	4	4	4	4	4	4	4	4	4	4	4	4	4	4	4	4	4	4	4	4	4	4	4	4	4	4	4	4	4	4	4	4	4	
2	0	0	0	0	0	0	0	0	10	0	1	0	0	1	0	5	5	0	0	0	8	0	1	0	0	0	6	0	0	0	0	1	10	0	0	1	0	0	0	0	0	0	0	2	2	0	0	0	0	0	0	0	0	0	0	12	0	0	0	1	0	0	0	0	6	0	1	1	0	0	0	5	96	6	167	3	0	3	1	0	0	5	3	2	0	0	13	4	0	5	0	29	0	0	0	0	0	1	8	0	0	1	0	0	0	26	0	0	0	0	5	3	0	0	1	0	0	0	0	0	4	0	54	2	0	0	0	0	0	13	0	19	0	0	2	49	0	0	4	2	0	0	1	33	0	0	0	4	0	0	1	23	1	0	1	0	0	3	30	1	0	2	0	8	0	35	0	0	7	0	0	0	0	0	0	0	1	363	0	0	2	0	0	8	1	0	3	12	0	0	0	0	47	0	1	0	4	0	20	
4	4	4	4	4	4	4	4	4	4	4	4	4	4	4	4	4	4	4	4	4	4	4	4	4	4	4	4	4	4	4	4	4	4	4	4	4	4	4	4	4	4	4	4	4	4	4	4	4	4	4	4	4	4	4	4	4	4	4	4	4	4	4	4	4	4	4	4	4	4	4	4	4	7	4	6	4	4	4	4	4	4	5	4	4	4	4	4	4	4	4	4	4	4	4	4	4	4	4	4	4	4	5	4	4	4	4	4	4	4	4	4	4	4	4	4	4	4	4	4	4	4	4	4	4	4	4	4	4	4	4	4	5	4	4	4	4	4	4	4	4	4	4	4	4	4	4	4	4	4	4	4	4	4	4	4	4	4	4	5	4	4	4	4	4	4	4	4	4	4	4	4	4	4	4	4	4	4	9	4	4	4	4	4	5	4	4	4	4	4	4	4	4	4	4	4	4	4	4	4	
3	0	1	0	1	0	2	0	1	11	1	4	1	1	2	1	5	5	1	0	1	8	0	1	0	0	0	7	1	1	2	0	1	10	0	2	1	0	1	1	1	1	1	0	3	3	0	0	0	0	0	0	1	1	0	0	12	0	0	0	1	0	1	1	1	6	0	1	2	0	0	1	5	90	6	162	4	0	4	1	1	0	3	3	2	0	1	13	4	0	5	1	28	2	0	2	0	2	1	8	0	1	2	0	0	0	25	0	0	0	0	6	4	1	0	1	1	1	0	0	2	4	0	49	3	0	0	0	0	0	13	0	18	1	1	3	49	1	0	5	6	2	0	1	32	1	0	0	7	0	0	3	21	1	2	2	1	0	3	29	1	0	3	1	7	0	33	0	0	7	1	0	0	0	1	0	0	1	334	0	0	4	1	1	8	2	0	4	12	0	0	0	0	43	2	1	0	4	0	21	
4	4	4	4	4	4	4	4	4	4	4	4	4	4	4	4	4	4	4	4	4	4	4	4	4	4	4	4	4	4	4	4	4	4	4	4	4	4	4	4	4	4	4	4	4	4	4	4	4	4	4	4	4	4	4	4	4	4	4	4	4	4	4	4	4	4	4	4	4	4	4	4	4	8	4	11	5	4	4	4	4	4	5	4	4	4	4	4	4	4	4	4	4	4	4	4	4	4	4	4	4	4	5	4	4	4	4	4	4	4	4	4	4	4	4	4	4	4	4	4	4	4	4	5	4	4	4	4	5	4	4	4	5	4	4	4	4	4	4	5	4	4	4	4	6	4	4	4	4	4	4	4	4	4	4	4	4	4	4	5	4	4	4	4	4	4	4	4	4	4	4	4	4	4	4	4	4	4	16	4	4	4	4	4	5	4	4	4	4	4	4	4	4	4	4	4	4	4	4	4	
3	1	1	0	2	1	3	1	1	11	2	3	2	1	2	1	6	5	2	1	2	8	1	3	4	2	0	6	2	2	2	0	1	10	0	2	1	2	1	1	1	1	1	0	3	3	1	3	2	0	0	1	2	2	1	0	12	3	0	0	3	0	2	1	3	4	0	1	4	0	1	2	5	89	7	155	5	0	4	1	1	0	2	4	2	1	2	9	6	1	5	1	27	2	0	2	1	3	1	8	0	1	2	0	1	0	25	0	0	0	0	6	5	1	2	2	2	3	0	0	2	4	0	44	3	0	0	0	1	0	13	0	18	1	1	4	48	2	1	6	6	2	1	3	29	1	0	0	8	0	0	1	21	1	2	3	0	0	4	30	1	0	3	2	8	1	31	0	1	10	2	1	0	0	2	0	0	1	311	2	0	5	1	2	8	3	0	6	12	1	2	0	2	42	2	2	2	4	1	18	
4	4	4	4	4	4	4	4	4	5	4	4	4	4	4	4	4	4	4	4	4	4	4	4	4	4	4	4	4	4	4	4	4	4	4	4	4	4	4	4	4	4	4	4	4	4	4	4	4	4	4	4	4	4	4	4	4	4	4	4	4	4	4	4	4	4	4	4	4	4	4	4	4	9	4	15	5	4	4	4	4	4	5	4	4	4	4	4	4	4	4	4	4	4	4	4	4	4	4	4	4	4	5	4	4	4	4	4	4	4	4	4	4	4	4	4	4	4	4	4	4	5	4	5	4	4	4	4	5	4	4	4	5	4	4	4	4	4	4	5	4	4	4	4	6	4	4	4	4	4	4	4	4	4	4	4	4	4	4	5	4	4	4	4	4	4	5	4	4	4	4	4	4	4	4	4	4	4	29	4	4	4	4	4	5	4	4	4	4	4	4	4	4	4	4	4	4	4	4	4	
4	1	2	1	2	1	3	1	1	12	2	4	2	1	4	1	6	4	3	3	3	9	1	4	4	2	0	6	2	1	2	1	2	11	0	2	2	3	1	2	1	1	0	1	3	1	1	5	2	2	0	2	3	2	3	1	10	3	0	0	3	1	2	3	3	4	0	2	4	2	1	3	6	86	6	143	4	0	4	1	2	0	2	5	4	1	2	9	5	2	5	1	25	4	0	3	3	3	1	8	3	1	0	0	1	1	24	0	0	0	1	8	5	1	2	2	2	3	0	0	3	5	0	40	3	0	0	0	1	0	13	1	18	2	1	4	46	3	1	6	5	3	1	3	28	1	1	2	7	1	0	1	21	2	2	3	0	2	5	29	1	0	3	2	7	1	32	1	1	9	1	3	0	0	2	1	1	1	295	2	0	5	1	4	8	4	0	6	12	1	1	0	3	40	2	4	2	4	2	17	
4	4	4	4	4	4	4	4	4	5	4	4	4	4	4	4	4	4	4	4	4	4	4	4	4	4	4	4	4	4	4	4	4	4	4	4	4	4	4	4	4	4	4	4	4	4	4	4	4	4	4	4	4	4	4	4	4	4	5	4	4	4	4	4	4	4	4	4	4	4	4	4	4	11	4	20	4	4	4	4	4	4	5	4	4	4	4	4	4	4	4	4	4	4	4	4	4	4	4	4	4	4	5	4	4	4	4	4	4	4	4	4	4	4	4	4	4	4	4	4	4	5	4	7	4	4	4	4	5	4	4	4	5	4	4	4	4	4	4	5	4	4	4	4	6	4	4	4	4	4	4	4	4	4	4	4	4	4	4	5	4	4	4	4	4	4	5	4	4	4	4	4	4	4	4	4	4	4	37	4	4	4	4	4	5	4	4	4	4	4	4	4	4	4	4	4	4	4	4	4	
4	2	2	2	2	2	2	3	1	12	2	4	2	2	4	2	6	4	3	3	3	9	2	3	4	3	0	7	3	2	2	2	2	13	0	3	3	5	1	3	1	1	0	2	3	1	2	5	2	2	0	2	3	4	3	1	9	3	0	0	3	1	3	3	6	5	1	2	3	2	1	3	6	80	6	124	3	1	5	2	3	0	2	5	4	1	3	10	6	5	5	1	22	6	6	3	4	4	1	10	4	2	0	3	2	3	19	1	0	2	2	6	3	2	3	2	2	3	1	0	4	4	1	39	3	1	0	0	1	2	13	2	18	2	3	4	44	5	1	6	5	3	1	4	28	4	1	3	8	1	1	1	20	3	3	4	0	2	7	29	1	1	7	2	6	1	28	2	1	9	1	3	0	1	2	2	1	1	281	3	1	6	1	5	7	4	0	5	12	1	1	0	3	40	2	5	2	5	1	14	
4	4	4	4	4	4	4	4	4	5	4	4	4	4	4	4	4	4	4	4	4	4	4	4	4	4	4	4	4	4	4	4	4	5	4	4	4	4	4	4	4	4	4	4	4	4	4	4	4	4	4	4	4	4	4	4	4	4	5	4	4	4	4	4	4	4	4	4	4	4	4	4	4	13	4	23	4	4	4	4	5	4	6	4	4	4	4	4	4	4	4	4	4	4	4	4	4	4	4	4	4	4	5	4	4	4	4	4	4	4	4	4	4	4	4	4	4	4	4	4	4	5	4	8	4	4	4	4	5	4	4	4	6	4	4	4	4	4	4	5	4	4	4	4	7	4	4	4	4	4	4	4	4	4	4	4	4	4	4	6	4	4	4	4	4	4	5	4	4	4	4	4	4	4	4	4	4	4	43	4	4	5	4	4	5	4	4	4	4	4	4	4	4	4	4	4	4	4	4	4	
4	5	2	3	2	3	3	4	1	11	2	5	2	6	4	2	5	5	3	2	3	9	3	3	4	4	0	5	4	2	2	3	2	13	1	3	3	6	1	3	1	1	2	2	3	1	2	5	2	2	0	2	3	4	3	1	7	3	0	1	3	1	3	3	7	5	2	2	3	2	1	3	6	75	8	116	2	2	4	2	4	1	2	5	4	1	3	11	6	6	6	1	21	6	6	3	5	4	1	10	4	1	0	2	3	3	19	1	0	1	3	6	3	3	3	1	2	3	2	2	6	4	1	37	2	2	1	0	1	2	14	2	17	2	3	4	43	5	1	6	5	3	0	4	27	5	1	3	8	1	1	1	18	4	4	5	0	2	9	26	1	2	8	1	6	1	26	5	2	10	2	3	0	1	2	3	1	2	261	3	1	6	1	5	7	4	0	5	13	1	1	1	3	38	2	5	2	5	4	13	
4	4	4	4	5	4	4	4	4	5	4	4	4	4	4	4	4	4	4	4	4	4	4	4	4	4	4	4	4	4	4	5	4	5	4	4	4	4	4	4	4	4	4	4	4	4	4	4	4	4	4	4	4	4	4	4	4	4	5	4	4	4	4	4	4	4	4	4	4	4	4	4	4	14	4	24	4	4	4	4	5	4	6	4	4	4	4	4	4	4	4	4	4	4	4	4	4	4	4	4	4	4	5	4	4	4	5	4	4	4	4	4	4	4	4	4	4	4	4	4	4	5	4	8	4	4	4	4	5	4	4	4	6	4	4	4	4	4	4	5	5	4	4	4	7	4	4	4	4	4	4	4	4	4	4	4	4	4	4	7	4	4	4	4	4	4	6	4	4	4	4	4	4	4	4	4	4	4	52	4	4	5	4	4	5	4	4	4	4	4	4	4	4	4	4	4	4	4	4	4	
4	7	2	4	3	2	4	4	1	11	2	5	2	5	4	2	5	4	4	2	5	9	3	4	4	4	0	7	4	2	3	4	2	14	1	3	3	6	2	5	1	1	3	2	3	1	3	5	2	2	0	4	4	4	3	2	7	3	0	1	4	1	3	3	7	4	2	2	4	3	1	3	4	73	8	111	2	2	3	2	4	1	2	4	4	1	3	11	6	5	6	1	22	6	6	3	5	5	1	13	5	1	0	2	5	3	17	3	0	1	2	6	3	4	3	1	2	4	3	2	6	4	1	33	2	2	2	1	1	2	14	2	15	2	4	2	41	5	2	6	6	5	1	5	26	6	0	4	9	3	2	1	17	4	4	6	0	2	9	22	2	3	8	4	5	1	26	5	3	10	2	6	0	1	2	3	2	2	247	3	1	6	2	4	6	4	1	6	10	3	1	1	3	36	2	5	3	7	4	13	
4	4	4	4	5	4	4	4	4	5	4	4	4	4	4	4	4	4	4	4	4	4	4	4	4	4	4	4	4	4	4	5	4	5	4	4	4	4	4	4	4	4	4	4	4	4	4	4	4	4	4	4	4	4	4	4	4	4	5	4	4	4	4	4	4	4	4	4	4	4	4	4	4	20	4	26	4	4	4	4	5	4	5	4	4	4	4	4	4	4	4	4	4	4	4	4	4	4	4	4	4	4	4	4	4	4	6	4	4	5	4	4	4	4	4	4	4	4	4	4	4	4	4	9	4	4	4	4	5	4	4	4	6	4	4	4	4	4	4	5	5	4	4	4	7	4	4	4	4	4	4	4	4	4	4	4	4	4	4	7	4	4	4	4	4	4	6	4	4	4	4	4	4	4	4	4	4	4	63	4	4	5	4	4	5	4	4	4	4	4	4	4	4	4	4	4	4	4	4	4	
4	7	3	4	2	2	3	4	1	11	2	6	2	4	3	2	5	4	4	4	5	8	4	4	5	3	0	6	5	2	4	6	2	14	3	2	3	7	2	5	1	1	3	2	3	1	3	5	3	1	0	4	5	5	5	1	7	3	0	3	4	2	3	4	8	4	3	3	4	3	1	3	4	71	9	104	2	2	3	4	3	1	2	4	4	1	3	9	6	5	8	1	21	6	8	4	5	6	1	12	6	1	0	3	6	2	17	3	0	1	3	6	3	4	3	1	2	4	4	3	6	4	2	30	2	3	4	2	1	3	14	3	14	3	3	1	40	4	3	6	5	5	1	5	25	6	0	5	10	5	2	2	16	4	4	6	0	2	9	19	3	3	7	3	4	1	24	5	4	10	2	6	2	1	2	3	5	3	236	2	1	6	2	4	5	4	1	6	10	3	1	2	3	36	3	5	3	9	5	13	
4	4	4	4	5	4	4	4	4	5	4	4	4	4	4	4	4	4	4	4	4	4	4	5	4	4	4	4	5	4	4	5	4	5	4	4	4	4	4	4	4	4	4	4	4	4	4	4	4	4	4	4	4	4	4	5	4	4	5	4	4	4	4	4	4	4	4	4	4	4	4	4	4	20	4	28	4	4	4	4	5	4	5	4	4	4	4	4	4	4	4	4	4	4	4	4	4	4	4	4	4	4	4	4	4	4	7	4	4	5	4	4	4	4	4	4	4	4	4	4	4	4	4	10	4	4	4	4	5	4	4	4	6	4	4	4	4	4	4	5	5	4	4	4	7	4	4	4	4	4	4	4	4	4	4	4	4	4	4	7	4	4	4	4	4	4	6	4	4	4	4	4	4	4	4	4	4	4	71	4	4	5	4	4	5	4	4	4	4	4	4	4	4	4	4	4	4	4	4	4	
4	7	3	5	3	4	5	4	1	11	3	5	1	2	3	2	4	3	5	6	5	7	4	3	5	3	0	4	5	3	4	8	2	14	3	2	5	8	2	6	2	1	2	3	3	1	4	5	4	1	0	5	5	5	5	1	7	4	0	3	3	2	3	4	11	4	3	3	3	2	1	6	6	68	10	101	2	2	4	4	3	1	2	5	4	1	3	9	7	6	8	1	21	6	10	6	5	7	1	12	6	1	0	4	6	2	13	4	0	1	3	6	3	4	3	2	1	4	4	3	6	4	4	29	3	4	4	3	1	5	15	3	13	3	4	1	41	4	3	4	5	5	2	6	24	6	0	6	11	6	3	2	15	4	5	5	0	2	9	19	4	2	6	4	4	4	23	4	4	10	4	6	3	1	2	4	5	3	227	3	2	4	2	4	5	5	1	7	11	2	1	2	2	32	3	5	3	10	5	11	
4	4	4	4	5	4	4	4	4	5	4	4	4	4	4	4	4	4	4	4	4	4	4	5	4	4	4	4	5	4	4	5	4	5	4	4	4	4	4	4	4	4	4	4	4	4	4	4	4	4	4	4	4	4	4	5	4	4	5	4	4	4	4	4	4	4	5	4	4	4	4	4	4	21	4	28	4	4	4	4	5	4	5	4	4	4	4	4	4	4	4	4	4	4	4	4	4	4	4	4	4	4	4	4	4	4	7	4	4	5	4	4	4	4	4	4	4	4	4	4	4	4	4	10	4	4	4	4	5	4	5	4	6	4	4	4	4	4	4	5	6	4	4	4	8	4	4	4	4	4	4	4	4	4	4	4	4	4	4	7	4	4	4	4	4	4	6	4	4	4	4	4	4	4	4	4	4	4	83	4	4	5	4	4	5	4	4	4	4	4	4	4	4	4	4	4	4	4	4	4	
4	7	3	5	3	3	4	4	1	10	4	6	1	2	3	3	4	2	5	6	5	7	6	4	5	3	0	6	5	3	5	9	3	13	3	2	4	8	2	6	2	2	2	3	3	1	5	5	4	1	0	4	6	5	5	1	7	3	0	2	3	2	3	4	13	4	5	3	3	2	1	5	6	64	10	95	2	2	6	5	3	1	2	6	4	1	3	8	8	8	9	1	21	6	10	6	5	8	1	11	6	1	0	4	5	3	13	3	0	1	2	6	3	4	3	2	1	3	4	2	6	4	4	28	3	6	4	4	1	6	14	3	11	3	4	1	38	3	5	4	4	5	2	5	20	6	0	5	10	7	3	3	13	4	2	5	0	4	9	19	4	2	8	4	5	5	23	6	4	10	4	6	3	1	2	6	4	3	211	3	3	3	4	5	5	5	1	8	12	3	1	2	2	28	3	7	3	9	5	9	
4	4	5	4	5	4	4	4	4	5	4	4	4	4	4	4	4	4	4	4	4	4	4	5	4	4	4	4	5	4	4	5	4	5	4	4	4	4	4	4	4	4	4	4	4	4	4	4	4	4	4	4	4	4	4	5	4	4	5	4	4	4	4	4	4	4	5	4	4	4	4	4	4	20	4	31	4	4	4	4	5	4	5	4	4	4	4	4	4	4	4	4	4	4	4	4	4	4	4	4	4	4	4	4	4	4	7	4	4	5	4	4	4	4	4	4	4	4	4	4	4	4	4	10	4	4	4	4	5	4	5	4	7	4	4	4	4	4	4	5	6	4	4	4	9	4	4	4	4	4	4	4	4	4	4	4	4	4	4	7	4	4	4	4	4	4	7	4	4	4	4	4	4	4	4	4	4	4	84	4	4	6	4	4	5	4	4	4	4	4	4	4	4	4	4	4	4	4	4	4	
4	6	2	5	3	3	4	4	1	9	5	6	1	1	3	3	2	3	5	6	5	7	6	4	5	3	0	6	5	3	6	9	3	13	2	1	5	9	2	5	2	2	1	3	3	1	5	5	4	1	0	4	6	5	4	2	7	2	0	2	5	3	3	4	13	4	4	3	3	3	1	5	5	57	9	89	2	3	7	6	2	1	1	7	5	1	3	7	8	9	9	1	21	7	10	7	3	8	2	9	7	1	0	5	6	3	13	4	0	1	2	4	3	4	4	2	1	3	5	2	4	4	5	29	2	7	5	4	2	7	14	5	11	3	6	1	34	3	5	4	3	5	2	3	20	6	0	4	9	7	4	3	12	3	3	8	0	4	10	18	6	2	8	4	5	5	19	5	4	12	4	6	3	0	2	6	6	3	202	3	3	3	6	6	4	5	1	8	12	3	1	2	2	28	3	8	3	7	5	7	
4	4	5	4	5	4	4	4	4	5	4	4	4	4	4	4	4	4	4	4	4	4	4	5	4	4	4	4	4	4	4	5	4	5	4	4	4	4	4	4	4	4	4	4	4	4	4	4	4	4	4	4	4	4	4	5	4	4	5	4	4	4	4	4	4	4	5	4	4	4	4	4	4	20	4	32	4	4	4	4	5	4	5	4	4	4	4	4	4	4	4	4	4	4	4	4	4	4	4	4	4	4	4	4	4	4	7	4	4	5	4	4	4	4	4	5	4	4	4	4	4	4	4	11	4	4	4	4	5	4	5	4	8	4	4	4	4	5	4	5	6	4	4	4	9	4	4	4	4	4	4	4	4	4	4	4	4	4	4	7	4	4	4	4	4	4	7	4	4	4	4	4	4	4	4	4	4	4	86	4	4	6	4	4	4	4	4	4	4	4	4	4	4	4	4	4	4	4	4	4	
4	5	2	6	3	2	4	3	1	10	6	5	1	0	2	3	2	4	4	5	6	7	6	4	4	3	0	6	4	4	6	9	3	13	2	1	6	10	2	5	2	2	2	2	3	1	6	6	5	1	0	4	6	5	4	3	7	2	0	2	6	3	3	4	12	2	5	3	4	3	1	5	4	55	9	91	1	3	8	5	2	1	1	8	5	1	3	5	9	7	10	1	19	5	10	9	3	10	2	8	7	1	0	5	6	2	13	6	0	1	2	4	3	4	4	2	1	3	5	2	4	4	5	27	2	7	4	4	3	7	14	6	11	2	5	1	32	3	6	4	3	4	2	4	19	6	0	4	8	6	4	3	12	3	3	8	0	4	10	17	7	2	7	5	5	5	19	5	6	12	4	6	3	0	2	6	5	2	197	2	3	3	6	6	4	6	1	11	12	3	1	2	2	25	3	8	3	7	5	6	
4	4	5	4	5	4	4	4	4	5	4	4	4	4	4	4	4	4	4	4	4	4	4	5	4	4	4	4	4	4	4	5	4	5	4	4	4	4	4	4	4	4	4	4	4	4	4	4	4	4	4	4	4	4	4	5	4	4	5	4	4	4	4	4	4	4	5	4	4	4	4	4	4	20	4	34	4	4	4	4	5	4	5	4	4	4	4	4	4	4	4	4	4	4	4	4	4	4	4	4	4	4	4	4	4	4	8	4	4	5	4	4	4	4	4	5	4	4	4	4	4	4	4	11	4	4	4	4	5	5	5	4	8	4	4	4	4	5	4	5	6	4	4	4	9	4	4	4	4	4	4	4	4	4	4	4	4	4	4	7	4	4	4	4	4	4	7	4	5	4	4	4	4	4	4	4	4	4	96	4	4	6	4	4	4	4	4	4	4	4	4	4	4	4	4	4	4	4	4	4	
4	5	2	6	3	2	4	3	1	10	5	5	1	0	2	3	2	3	4	5	8	7	5	4	4	3	0	6	4	3	6	9	3	13	2	1	7	10	1	5	2	2	2	2	3	1	6	7	6	2	0	4	7	3	4	4	6	2	0	1	6	3	3	4	13	2	5	4	4	3	1	5	4	50	8	87	1	2	7	5	2	0	1	7	5	1	3	5	9	7	9	1	18	6	9	8	3	11	2	8	7	2	0	6	6	2	13	6	0	1	2	4	6	3	4	2	1	3	5	2	5	4	6	27	2	7	3	4	3	9	14	6	11	2	4	1	33	3	6	4	2	5	2	4	19	5	0	4	7	7	4	3	12	2	4	8	0	6	9	16	7	2	8	4	5	5	18	4	6	11	4	6	3	0	2	6	5	2	194	4	3	3	6	5	5	5	1	9	12	3	0	2	2	24	3	7	2	8	5	7	
4	4	5	4	5	4	4	4	4	5	5	4	4	4	4	4	4	4	4	4	4	4	4	5	4	4	4	4	4	4	4	4	4	5	4	4	4	4	4	4	4	4	4	4	4	4	4	4	4	4	4	4	4	4	4	5	4	4	5	4	4	4	4	5	4	4	5	4	4	4	4	4	4	22	4	39	4	4	4	4	5	4	5	4	4	4	4	4	4	4	4	4	4	4	4	4	4	4	4	4	4	4	4	4	4	4	8	4	4	5	4	4	4	4	4	5	4	4	4	4	4	4	4	12	4	4	4	4	5	5	5	4	8	4	4	4	4	5	4	5	6	4	4	4	10	4	4	4	4	4	4	4	4	4	4	4	4	4	4	7	4	4	4	4	4	4	7	4	5	4	4	4	4	4	4	4	4	4	103	4	4	5	4	4	4	4	4	4	4	4	4	4	4	4	4	4	4	4	4	4	
2	5	1	9	3	2	5	3	1	11	5	5	1	0	2	3	2	1	4	5	7	7	5	4	4	3	0	7	4	2	6	9	3	11	2	1	7	9	1	5	2	2	2	2	3	1	6	8	7	2	0	4	7	3	4	4	6	2	0	1	7	3	3	3	12	2	5	4	4	5	1	5	4	47	8	88	1	3	6	5	2	0	2	7	4	1	3	4	8	8	8	1	18	6	9	9	3	10	2	8	8	3	0	7	6	1	13	5	0	1	2	4	7	4	4	2	1	3	4	2	4	4	6	26	2	7	3	4	2	8	13	7	14	2	4	1	32	3	6	4	2	5	2	5	19	4	0	4	6	8	5	3	11	2	4	7	0	6	9	15	7	2	7	7	5	5	17	4	6	12	4	6	2	0	2	6	3	2	187	5	4	3	5	3	5	5	1	9	10	3	0	1	3	25	3	6	2	7	5	6	
4	4	5	4	5	4	4	4	4	5	5	4	4	4	4	4	4	4	4	4	4	4	4	5	4	4	4	4	4	4	4	4	4	5	4	4	4	4	4	4	4	4	4	4	4	4	4	4	4	4	4	4	4	4	4	5	4	4	5	4	4	4	4	5	4	4	5	4	4	4	4	4	4	25	4	41	4	4	4	4	5	4	5	4	4	4	4	4	4	4	4	4	4	4	4	4	4	4	4	4	4	4	4	4	4	4	9	4	4	5	4	4	4	4	4	5	4	4	4	4	4	4	4	13	4	4	4	4	5	5	5	4	8	4	4	4	4	5	4	5	6	4	4	4	11	4	4	4	4	4	4	4	4	4	4	4	4	4	4	7	4	4	4	4	4	4	7	4	5	4	4	4	4	4	4	4	4	4	108	4	4	5	4	4	4	4	4	4	4	4	4	4	4	4	4	4	4	4	4	4	
1	5	1	9	3	2	6	3	1	10	5	5	1	0	2	2	2	1	4	5	7	6	4	3	4	3	0	7	4	2	5	9	3	10	2	1	7	8	0	5	2	2	2	2	3	1	6	7	7	2	0	4	7	3	4	4	6	2	0	1	7	3	3	3	10	1	5	3	4	5	1	5	4	41	8	95	1	3	6	5	2	0	2	6	4	0	3	4	8	8	8	0	17	6	9	9	3	11	2	8	8	3	0	8	5	2	12	5	0	1	2	3	6	5	4	1	1	3	3	2	4	4	5	25	2	7	3	4	2	8	11	9	14	2	3	1	32	4	6	5	2	4	2	7	19	4	0	4	6	7	4	3	11	2	7	7	0	6	9	15	7	3	6	7	5	5	18	4	6	11	4	6	2	0	2	4	3	2	182	7	4	3	5	2	4	4	1	9	10	3	0	1	3	21	3	6	2	8	5	7	
4	4	5	4	5	4	4	4	4	5	5	4	4	4	4	4	4	4	5	4	4	4	4	5	4	4	4	4	4	4	4	4	4	5	4	4	5	4	4	4	4	4	4	4	4	4	4	4	4	4	4	4	4	4	4	5	4	4	5	4	4	4	4	5	4	4	5	4	4	4	4	4	4	27	4	44	4	4	4	4	5	4	5	4	4	4	4	4	4	4	4	4	4	4	4	4	4	4	4	4	4	4	4	4	4	4	9	4	4	5	4	4	4	4	4	5	4	4	4	4	4	4	4	13	4	4	4	4	5	5	5	4	8	4	4	4	4	5	4	5	6	4	4	4	11	4	4	4	4	4	5	4	4	4	4	4	4	4	4	9	4	4	4	4	4	4	8	4	5	4	4	4	4	4	4	4	4	4	114	4	4	5	4	4	4	4	4	4	4	4	4	4	4	4	4	4	4	4	4	4	
1	5	0	10	4	2	6	3	0	10	5	5	1	0	2	2	1	1	4	5	6	6	4	3	4	3	0	8	3	2	3	9	3	9	2	1	7	7	0	5	2	1	2	2	2	2	6	6	7	2	0	4	7	2	4	4	6	2	0	1	7	3	3	3	8	1	5	2	3	5	1	4	3	43	8	102	1	3	6	5	2	0	3	6	5	0	3	4	7	8	8	0	15	5	10	9	3	12	2	7	7	3	0	8	4	2	12	5	1	1	2	3	7	5	4	1	1	3	3	2	4	4	5	24	2	7	3	6	1	8	11	9	14	2	3	1	30	4	6	5	2	5	2	8	20	3	0	3	5	7	3	3	10	2	6	7	0	6	9	14	7	3	6	8	5	5	18	4	6	8	3	6	2	0	2	4	2	2	184	7	4	2	5	2	6	4	1	7	10	3	0	1	3	20	3	6	2	7	5	7	
4	5	5	4	5	4	4	4	4	5	5	4	4	4	4	4	4	4	5	4	4	4	4	5	4	4	4	4	4	4	4	4	4	5	4	4	5	4	4	4	4	4	4	4	4	4	4	4	5	4	4	4	4	4	4	5	4	4	5	4	4	4	4	4	4	4	5	4	4	4	4	4	4	29	4	47	4	4	4	4	5	4	5	4	4	4	4	4	4	4	4	4	4	4	4	4	4	4	4	4	4	4	4	4	4	4	8	5	4	5	4	4	4	4	4	5	4	4	4	4	4	4	4	14	4	4	4	4	5	5	5	4	8	4	4	4	4	5	4	5	6	4	4	4	10	4	4	4	4	4	5	4	4	4	4	4	4	4	4	11	4	4	4	4	4	4	9	4	5	4	4	4	4	4	4	4	4	4	119	4	4	5	4	4	4	4	4	4	4	4	4	4	4	4	4	4	4	4	4	4	
1	5	0	11	4	1	6	2	0	10	5	5	1	0	2	2	1	1	4	4	7	4	4	4	4	3	0	8	3	2	2	7	3	8	2	1	6	6	0	5	2	1	3	2	2	2	4	6	7	2	0	4	7	2	4	4	6	2	0	1	8	3	3	3	7	1	4	1	2	6	1	5	3	43	9	106	0	2	5	4	2	0	3	5	4	0	3	4	7	7	8	0	14	5	9	9	3	12	2	7	8	3	1	8	4	3	12	5	1	1	2	3	6	5	4	1	1	3	3	1	4	3	5	23	2	7	3	5	1	7	9	10	14	2	3	1	30	4	6	5	2	5	2	7	20	3	0	3	5	6	3	3	9	2	8	7	0	6	9	14	7	3	5	8	5	5	17	4	6	7	3	6	2	0	2	4	2	2	180	7	5	7	4	3	6	4	1	7	10	3	0	1	3	17	3	6	1	7	5	7	
4	5	5	4	5	4	4	4	5	5	5	4	4	4	4	4	4	4	5	4	4	4	4	5	4	4	4	4	4	4	4	4	4	5	4	4	6	4	4	4	4	4	4	4	4	4	4	4	5	4	4	4	4	4	4	6	4	4	5	4	4	4	4	4	4	4	5	4	4	4	4	4	4	30	5	52	4	4	4	4	5	4	5	4	4	4	4	4	4	4	4	4	4	4	4	4	4	4	4	4	4	4	4	4	4	4	8	5	4	5	4	4	5	4	4	5	4	4	4	4	4	4	4	12	4	4	4	4	6	5	5	4	8	4	4	4	4	5	4	5	6	4	5	4	9	4	4	4	4	4	5	4	4	4	4	4	4	4	4	11	4	4	4	4	4	5	9	4	5	4	4	4	4	4	4	4	4	4	126	4	4	5	4	4	5	4	4	4	4	4	4	4	4	4	4	4	4	4	4	4	
1	5	0	10	4	1	5	1	0	10	5	5	1	0	2	2	1	2	4	4	7	4	4	4	3	2	0	8	3	2	2	6	2	7	2	1	6	6	0	5	2	1	4	2	1	3	4	5	7	1	0	4	8	2	4	4	6	3	0	1	6	3	3	3	8	1	4	1	2	7	1	5	3	49	8	110	0	2	5	4	2	0	2	5	4	1	3	4	7	7	7	0	14	6	9	9	3	15	2	6	8	3	1	9	4	3	13	5	3	1	1	3	9	7	4	0	1	3	3	1	2	3	5	22	2	6	4	4	1	6	8	10	17	2	3	1	28	4	6	4	2	3	3	7	21	3	0	3	4	5	3	3	10	2	8	7	0	3	9	12	7	4	4	8	5	5	16	4	6	7	3	6	2	0	2	4	1	2	187	7	7	7	4	3	7	4	1	7	9	3	0	1	3	17	3	6	1	7	5	8	
4	5	5	4	5	4	4	4	5	5	5	4	4	4	4	4	4	4	5	4	4	4	4	4	4	4	4	4	4	4	4	4	4	5	4	4	6	4	4	4	4	4	4	4	4	4	4	4	5	4	5	4	4	5	4	6	4	4	5	4	4	4	4	4	4	4	5	4	4	4	4	4	4	35	5	53	4	4	4	4	5	4	5	4	4	4	4	4	4	4	4	5	4	4	4	4	5	4	4	4	4	4	4	4	4	4	8	5	4	5	4	4	5	4	4	5	4	4	4	4	4	4	4	12	4	4	4	4	7	5	5	4	7	4	4	4	4	5	4	5	6	4	5	4	9	4	4	4	4	4	5	4	4	4	4	4	4	4	4	13	4	4	4	4	4	5	8	4	5	4	4	4	4	4	4	4	4	4	131	4	4	6	4	4	5	5	4	4	4	4	4	4	4	4	4	4	4	4	4	4	
1	5	0	10	4	1	5	1	0	12	4	4	1	0	2	1	1	2	4	4	7	6	4	4	3	2	0	9	3	2	2	6	1	7	2	1	6	6	0	5	2	1	4	2	1	3	4	5	7	1	0	4	7	2	4	4	6	3	0	1	5	3	3	3	9	1	4	1	2	7	1	5	4	54	8	114	0	2	4	4	1	1	2	5	4	1	3	4	7	9	7	1	13	6	9	7	2	13	2	6	9	3	1	9	3	3	14	5	4	1	1	2	9	8	4	0	1	3	3	1	2	3	5	23	2	6	5	5	1	6	8	9	19	2	3	1	25	5	6	5	2	3	2	4	20	3	0	3	4	5	2	3	9	2	7	6	0	3	9	12	7	4	3	8	4	5	16	3	5	7	3	5	2	0	2	4	1	2	192	8	9	8	4	3	7	4	1	7	7	3	0	1	4	17	3	6	1	7	5	9	
4	5	5	4	5	4	4	4	5	5	5	4	4	4	4	4	4	4	5	4	4	4	4	4	4	4	4	4	4	4	4	4	4	5	4	4	6	4	4	4	4	4	4	4	4	4	4	4	5	4	5	4	4	5	4	6	4	4	5	4	4	4	4	4	4	4	5	4	4	4	4	4	4	37	5	59	4	4	4	4	5	4	5	4	4	4	4	4	4	4	4	5	4	4	4	4	5	4	4	4	4	4	4	4	4	4	9	5	4	5	4	4	5	4	4	5	4	4	4	4	4	4	4	12	4	4	4	4	7	5	5	4	8	4	4	4	4	5	4	5	6	4	5	4	9	4	4	4	4	4	5	4	4	4	4	4	4	4	4	14	4	4	4	4	4	5	8	4	5	4	4	4	4	4	4	4	4	4	137	4	4	7	4	4	6	5	4	4	4	4	4	4	4	4	4	5	4	4	5	4	
1	4	0	8	3	1	4	1	0	12	4	4	1	0	2	0	1	2	3	4	7	7	4	3	2	1	0	9	2	2	2	6	1	7	2	1	6	6	0	5	2	1	5	2	1	2	4	6	8	1	0	4	7	2	3	5	6	3	0	1	5	3	3	3	9	0	4	1	2	6	1	5	4	56	8	130	0	1	4	4	1	1	3	5	4	1	3	4	7	9	7	1	13	6	8	8	2	12	2	6	9	3	1	9	3	3	15	5	10	1	1	2	8	7	4	0	1	4	3	1	2	3	5	28	2	5	5	4	1	6	8	8	21	2	2	1	24	4	3	6	2	3	2	4	22	3	0	3	4	5	2	3	9	2	7	6	0	3	9	12	7	4	3	9	4	4	17	2	5	6	2	5	2	1	2	4	1	2	193	7	9	8	4	2	7	5	1	7	7	2	0	1	4	16	3	6	1	8	5	9	
4	5	5	4	5	4	4	4	5	5	5	4	4	4	4	4	4	4	5	4	4	4	4	4	4	4	4	4	4	4	4	4	4	5	4	4	6	4	4	4	4	4	4	4	4	4	4	4	5	4	5	4	4	5	4	5	4	4	5	4	4	4	4	4	4	4	4	4	4	4	4	4	4	38	5	60	4	4	4	4	5	4	5	4	4	4	4	4	4	4	4	5	4	4	4	4	5	4	4	4	4	4	4	4	4	4	10	5	4	5	4	4	6	4	4	5	4	4	4	4	4	4	4	12	4	4	4	4	7	5	5	4	8	4	5	4	4	5	4	5	6	4	5	4	10	4	4	4	4	4	6	4	4	5	4	4	4	5	4	14	4	4	4	4	4	5	10	4	5	4	4	4	4	4	4	4	4	4	139	4	4	7	4	4	6	5	4	4	4	4	4	4	4	4	4	5	4	4	5	4	
1	4	0	8	3	0	4	1	0	11	4	4	0	0	2	0	1	2	3	4	7	6	4	3	1	1	0	8	2	2	2	5	1	8	3	0	5	6	0	5	2	1	5	2	1	2	4	5	8	1	0	3	6	2	3	4	6	4	0	1	4	3	3	3	9	0	4	1	2	8	1	5	4	58	9	138	0	2	4	3	1	1	4	5	3	1	3	4	5	8	7	1	13	6	7	8	2	12	2	6	9	3	1	11	3	5	15	5	11	1	1	2	8	6	3	0	1	4	2	1	2	2	5	26	2	5	5	5	1	6	8	11	23	2	2	1	23	3	3	7	1	3	2	4	25	3	0	3	4	5	2	3	10	2	8	6	0	3	8	13	7	4	2	9	4	3	16	2	5	6	2	5	2	1	2	4	1	1	195	5	8	6	4	2	8	3	1	6	7	2	0	1	4	16	2	6	1	9	4	9	
4	5	5	4	5	4	4	4	5	5	5	4	4	4	4	4	4	4	5	4	4	4	4	4	4	4	4	4	4	4	4	4	4	5	4	4	6	4	4	4	4	4	4	4	4	4	4	4	5	4	5	4	4	6	4	5	4	4	5	4	4	4	4	4	4	4	4	4	4	4	4	4	4	38	4	61	4	4	4	4	5	4	5	4	4	4	4	4	4	4	4	5	4	4	4	4	5	4	4	4	4	4	4	5	4	4	10	5	4	5	4	4	7	4	4	5	4	4	4	4	4	4	4	12	4	4	4	4	7	5	6	4	8	4	5	4	4	5	4	5	6	4	5	4	10	4	4	4	4	4	5	4	4	5	4	4	4	5	4	14	4	4	4	4	4	5	10	4	5	4	4	4	4	4	4	4	4	4	145	4	4	7	4	4	6	5	4	4	4	4	4	4	4	4	6	5	4	4	5	4	
1	4	1	9	3	0	3	1	0	11	4	4	0	0	2	0	1	2	3	4	8	9	4	4	1	1	0	8	1	2	2	5	1	12	2	0	5	6	0	4	2	1	6	2	1	2	4	6	8	1	0	3	7	2	3	4	4	5	2	1	5	3	2	3	7	0	4	1	2	8	1	4	4	63	10	146	0	1	4	3	1	1	4	5	3	1	3	4	4	8	6	1	12	6	6	8	2	13	2	6	9	3	1	10	3	3	15	5	10	1	1	2	8	7	3	0	1	4	1	1	2	2	5	29	2	5	7	5	1	6	8	12	25	2	2	1	21	3	3	9	1	2	1	4	27	3	0	3	3	6	2	2	11	2	8	6	0	3	8	13	6	2	2	9	5	3	15	2	5	5	2	4	1	1	2	4	1	1	191	5	8	8	4	2	8	3	2	5	7	2	0	1	4	15	2	6	1	9	4	9	
4	5	5	4	5	4	4	4	5	5	5	4	4	4	4	4	4	4	5	4	4	4	4	4	4	4	4	4	4	4	4	4	4	5	4	4	6	4	4	4	4	4	4	4	4	4	4	4	5	4	5	4	4	6	4	5	4	4	5	4	4	4	4	4	4	4	4	4	4	4	4	4	4	36	4	65	4	5	4	4	5	4	5	4	4	4	4	4	4	4	4	4	4	4	4	4	5	4	4	4	4	4	4	5	4	4	9	5	4	5	4	4	7	4	4	5	4	4	4	4	4	4	4	12	4	4	4	4	7	4	6	4	8	4	5	4	4	5	4	5	6	4	5	4	10	4	4	4	4	4	5	4	4	4	4	4	4	5	4	16	4	4	4	4	4	5	10	4	5	4	4	4	4	4	4	4	4	4	153	4	4	7	4	4	6	5	4	4	4	4	4	4	4	4	6	5	4	4	5	4	
2	4	1	10	4	0	3	1	0	14	3	4	0	0	2	0	1	2	2	3	8	10	4	4	1	1	0	8	1	2	2	4	1	13	2	0	3	5	0	4	2	1	7	2	1	2	4	6	8	1	0	3	6	2	3	3	4	4	3	0	7	3	2	3	7	0	3	0	2	8	3	4	4	75	10	162	0	1	4	3	1	1	4	4	2	1	3	4	4	9	6	0	11	6	6	8	2	13	2	7	9	3	1	11	3	3	20	4	15	1	1	2	7	7	2	0	1	4	1	1	2	2	5	39	2	4	6	6	2	6	8	12	25	1	2	1	21	2	3	9	1	1	1	4	29	3	0	3	3	5	1	2	11	2	8	5	0	2	7	13	6	2	1	7	4	3	15	2	5	5	1	4	1	1	2	4	1	1	195	6	8	9	4	2	8	3	2	6	7	2	0	1	3	13	2	6	1	8	4	9	
4	5	5	4	5	4	4	4	5	6	5	4	4	4	4	4	4	4	5	4	4	4	4	4	4	4	4	4	4	4	4	4	4	5	4	4	6	4	4	4	4	4	4	4	4	4	4	4	5	4	5	4	4	5	4	5	4	4	5	4	4	4	4	4	5	4	4	4	4	4	4	4	4	36	4	70	4	5	4	4	5	4	5	4	4	4	4	4	4	4	4	4	4	4	4	4	5	4	4	4	4	4	4	5	4	4	10	5	4	5	4	4	7	4	4	5	4	4	4	4	4	4	4	13	4	4	4	4	7	4	5	4	8	4	5	4	4	5	4	5	6	4	5	4	10	4	4	4	4	4	5	4	4	4	4	4	4	5	4	15	4	4	4	4	4	5	10	4	5	4	4	4	4	4	4	4	4	4	161	4	4	7	4	4	6	5	4	5	4	4	4	5	4	4	6	5	4	4	5	4	
2	5	1	10	4	0	3	1	0	17	3	5	0	0	2	0	1	2	2	2	9	12	4	4	1	1	0	8	1	2	1	5	1	11	3	0	3	6	0	4	1	1	7	2	1	2	4	6	8	1	0	3	6	2	3	3	4	4	5	0	7	3	2	2	7	0	2	0	2	9	4	4	2	83	8	165	0	1	3	3	1	1	4	4	1	1	3	4	4	9	6	0	11	6	6	8	2	14	1	6	9	4	1	11	3	2	20	4	23	1	1	3	7	7	2	0	2	5	1	1	2	3	5	37	2	4	6	7	2	6	8	12	26	1	2	1	20	3	2	10	2	1	1	4	32	3	0	2	3	5	2	2	10	2	8	4	0	2	6	14	6	1	1	7	4	3	14	2	5	4	1	4	1	2	3	4	0	1	194	6	8	13	4	2	8	2	2	6	7	2	0	1	4	13	2	6	0	8	4	7	
4	5	5	4	5	4	5	4	5	6	4	4	4	4	4	4	4	4	5	4	4	4	4	4	4	4	4	4	4	4	4	5	4	5	4	4	6	4	4	4	4	4	4	4	4	4	4	4	5	4	5	4	4	5	4	5	4	4	5	4	4	4	4	4	5	4	4	4	4	4	4	4	4	39	4	73	4	5	4	4	5	4	5	4	4	4	4	4	4	4	4	4	4	4	4	4	5	4	4	4	4	4	4	5	4	4	10	5	4	5	4	4	7	4	4	5	4	4	4	4	4	4	4	13	5	4	4	4	7	4	5	4	8	4	5	4	4	5	4	5	6	4	5	4	10	4	4	4	4	4	5	4	4	4	4	4	4	5	4	15	5	4	4	4	4	5	11	4	5	4	4	4	4	4	4	4	4	4	166	4	4	7	4	4	6	5	4	5	4	4	4	5	4	4	6	5	4	4	5	4	
3	5	2	10	3	0	3	1	1	21	3	5	0	0	2	0	1	2	2	2	8	16	4	3	1	1	0	9	1	2	1	5	1	12	4	0	3	6	0	3	1	1	9	2	1	2	4	5	8	1	0	4	6	2	3	4	4	4	7	0	7	3	2	2	5	0	2	0	2	9	6	4	2	86	7	173	0	1	3	3	2	1	4	4	1	1	3	4	3	9	6	0	10	5	6	7	2	12	2	6	10	4	1	11	3	2	23	3	28	1	1	3	7	8	2	0	2	5	2	1	2	2	5	41	2	4	7	7	2	6	8	12	28	1	1	2	19	4	1	10	4	1	1	3	31	4	0	2	3	5	2	2	10	2	8	4	0	2	6	14	5	0	1	6	5	3	14	2	5	4	1	4	1	2	4	4	0	1	190	5	9	14	4	2	8	2	2	6	7	1	0	1	4	12	2	6	0	8	4	7	
4	5	5	5	5	4	5	4	5	6	4	4	4	4	4	4	4	4	5	4	4	4	4	4	4	4	4	4	4	4	4	5	4	5	4	4	5	4	4	4	4	4	4	4	4	4	4	4	5	4	5	4	4	5	4	5	4	4	5	4	4	4	4	4	6	4	4	4	4	4	4	4	4	39	4	78	4	5	4	4	5	4	5	4	4	4	4	4	4	4	4	4	4	4	4	4	5	4	4	4	4	4	4	5	4	4	10	5	4	5	4	4	7	4	4	5	4	4	4	4	4	4	4	13	5	4	4	4	7	4	5	4	8	4	6	4	4	5	4	5	6	4	5	4	11	4	4	4	4	4	5	4	4	4	4	4	4	5	4	15	5	4	4	4	4	5	11	4	5	4	4	4	4	4	4	4	4	4	179	4	4	7	4	4	6	5	4	5	4	4	4	5	4	4	6	5	4	4	5	4	
2	5	1	10	5	0	2	2	1	26	3	5	0	0	2	0	1	1	2	2	7	18	4	5	1	0	0	9	1	2	1	4	1	12	3	0	3	6	0	3	1	1	9	2	1	2	3	5	8	0	0	4	6	2	4	4	4	3	7	0	7	3	2	2	4	0	2	1	2	7	9	3	2	99	9	187	0	2	3	3	3	0	5	5	1	0	3	3	3	8	6	0	9	5	5	7	2	12	2	6	9	2	1	10	3	1	26	3	33	1	1	2	7	8	2	0	2	5	2	1	2	2	5	44	2	4	8	7	3	6	8	11	29	1	1	2	17	5	1	16	3	1	1	3	33	4	0	2	3	5	1	2	10	2	8	4	0	3	6	13	6	0	1	6	5	5	14	2	5	3	1	3	1	2	5	4	0	1	180	4	9	14	4	2	8	2	2	6	7	1	1	1	4	11	2	6	0	8	4	6	
4	6	5	6	7	4	5	4	5	6	4	4	4	4	4	4	4	4	5	5	4	4	4	4	4	4	4	4	4	4	4	5	4	6	4	4	5	4	4	4	5	4	4	4	4	4	4	4	5	4	5	4	4	5	4	5	4	4	5	4	4	4	4	4	6	4	4	4	5	4	4	4	4	39	4	78	4	5	4	4	5	4	5	4	4	4	4	4	4	4	4	4	4	4	4	5	5	4	4	4	5	4	4	5	4	4	9	5	4	5	4	4	7	4	4	5	4	4	4	4	4	4	4	13	5	4	4	5	7	4	5	4	8	4	6	4	4	5	4	5	6	4	5	4	12	4	4	4	4	4	5	4	4	4	4	4	4	5	4	15	5	4	4	4	4	5	12	4	5	4	4	4	4	4	4	4	4	4	189	4	4	7	4	4	6	5	4	5	4	4	4	5	5	4	6	5	4	4	5	4	
2	6	2	10	6	0	2	2	1	28	5	5	0	1	2	0	1	1	2	2	6	20	3	5	1	0	0	9	1	2	1	4	1	13	3	0	3	5	0	3	1	1	9	2	1	2	2	5	8	0	1	3	6	2	5	4	4	3	8	0	5	3	1	2	3	0	2	1	2	7	9	4	1	110	10	187	0	2	2	3	3	0	6	4	2	0	3	3	3	7	6	1	9	5	5	7	2	12	2	5	10	2	1	8	3	0	27	3	39	1	1	2	7	8	1	0	1	4	2	1	2	2	5	53	2	4	8	6	3	6	5	10	32	1	1	2	17	6	1	16	3	1	1	3	47	4	1	2	3	3	1	3	10	2	7	5	0	1	6	16	5	0	1	6	8	6	16	1	6	3	1	2	1	2	5	4	1	1	182	4	9	15	5	2	8	2	2	5	6	1	1	2	4	11	1	6	0	8	4	5	
4	6	5	6	7	4	5	4	5	6	5	4	4	4	4	4	4	4	5	5	4	4	4	4	4	4	4	4	4	4	4	5	4	6	4	4	5	4	4	4	5	4	4	4	4	4	4	4	5	4	5	4	4	5	4	5	4	4	5	4	4	4	4	4	5	5	4	4	5	4	4	4	4	42	4	82	4	5	4	4	5	4	5	4	4	4	4	4	4	4	4	4	4	4	5	5	5	4	4	4	5	4	4	5	4	4	10	5	4	5	4	4	7	4	4	5	4	4	4	4	4	4	4	13	5	4	4	5	7	4	5	4	8	4	6	4	4	5	4	5	6	4	5	4	13	4	4	4	4	4	5	4	4	4	4	4	4	5	4	14	5	4	4	4	4	5	14	4	5	4	4	4	4	4	4	4	4	5	197	4	4	8	4	4	6	5	4	5	4	4	4	5	5	4	6	5	4	4	5	4	
2	5	5	10	7	0	2	2	1	33	5	5	0	1	1	0	1	1	3	2	6	24	2	5	1	0	0	9	1	2	1	4	1	12	4	0	3	5	0	3	1	1	8	1	1	2	2	4	8	0	1	2	6	2	4	4	4	3	10	0	4	3	1	2	2	0	2	0	2	7	8	4	1	126	11	198	0	2	2	3	3	0	4	4	2	0	3	3	3	6	6	1	8	5	5	6	2	12	2	5	8	2	1	6	3	0	30	3	44	1	1	3	7	8	3	0	1	4	2	1	2	2	5	54	1	4	8	7	4	6	5	10	39	1	1	2	14	8	1	19	4	1	1	3	47	3	1	2	3	2	1	3	10	2	7	4	0	2	6	15	5	0	2	6	7	8	22	1	5	3	2	2	1	2	5	4	1	1	185	4	7	17	5	2	13	2	2	5	5	1	1	2	3	11	1	6	1	8	4	4	
4	6	5	6	7	4	5	4	5	6	5	4	4	4	4	4	4	4	5	5	4	4	4	4	4	4	4	4	4	4	4	5	4	6	4	4	5	4	4	4	5	4	4	4	4	4	4	4	5	4	5	4	4	5	4	5	4	4	5	4	4	4	4	4	5	5	4	4	5	4	4	4	4	44	4	86	4	5	4	4	5	4	5	4	4	4	4	4	4	4	4	4	4	4	5	5	5	4	4	4	5	4	4	5	4	4	10	5	4	5	4	4	7	4	4	5	4	4	4	4	4	4	4	13	5	4	4	5	7	4	5	4	8	4	6	4	4	5	4	5	6	4	5	4	15	4	4	4	4	4	5	4	4	4	4	4	4	5	4	12	5	4	4	4	4	5	14	4	4	4	4	4	4	4	4	4	4	5	198	4	4	8	4	4	6	5	4	5	4	4	4	5	5	4	6	5	4	4	5	4	
2	7	7	10	7	0	2	2	1	34	5	5	0	2	1	0	1	1	3	2	6	27	2	5	2	0	0	10	1	2	1	4	1	13	4	0	3	5	0	3	1	1	7	1	1	2	2	4	5	0	1	2	6	1	3	4	4	3	10	0	4	3	1	1	3	0	2	0	2	7	8	5	1	138	11	202	0	2	3	2	4	0	4	4	2	0	3	3	3	6	6	1	8	5	4	6	2	11	2	6	7	2	1	5	2	0	31	3	56	1	1	2	7	8	2	0	1	5	1	1	2	2	5	63	1	4	9	7	4	6	6	9	45	1	1	2	13	9	1	20	6	1	1	3	57	2	2	2	3	2	1	1	10	2	5	4	0	2	6	15	6	0	2	6	7	8	24	1	4	3	3	2	1	3	5	4	1	1	195	4	7	21	5	2	13	2	2	5	5	1	1	3	5	11	1	6	1	7	4	3	
4	6	5	7	7	4	5	4	5	7	5	4	4	4	4	4	4	4	5	5	4	4	4	4	4	4	4	4	4	4	4	5	4	7	4	4	5	4	4	4	6	4	4	4	4	4	4	4	5	4	5	4	4	5	4	5	4	4	5	4	4	4	4	4	6	5	4	4	5	4	4	4	4	45	4	94	4	5	4	4	5	4	5	4	4	4	4	4	4	4	4	4	4	4	5	6	6	4	4	4	5	4	4	5	4	4	10	5	4	5	4	4	8	4	4	5	4	4	4	4	4	4	4	15	5	4	4	5	7	4	5	5	8	4	6	4	4	6	4	5	6	4	5	4	15	4	4	4	4	4	5	4	4	4	4	4	4	5	4	12	5	4	4	5	4	5	14	4	4	4	4	4	4	4	4	4	4	5	200	4	4	8	4	4	6	5	4	5	4	4	4	5	5	4	6	5	4	4	6	4	
2	8	9	10	7	0	2	2	1	34	4	4	0	2	1	0	1	1	5	2	6	31	2	5	3	0	0	9	1	1	1	5	1	15	4	0	1	5	0	2	1	1	7	1	1	2	3	4	5	0	3	2	6	2	3	5	4	3	12	0	4	3	1	2	3	0	3	0	2	7	9	6	1	152	13	197	0	2	3	1	4	0	5	4	0	0	3	2	2	5	5	1	7	6	4	5	3	10	3	6	7	1	2	6	2	0	33	3	58	1	1	2	6	7	2	0	1	5	1	1	2	2	5	63	1	4	10	7	4	5	6	9	48	1	1	2	12	10	2	20	9	1	1	3	58	2	2	2	3	2	2	1	10	2	4	4	0	2	5	16	6	0	2	5	8	9	29	1	5	3	4	2	1	3	4	4	2	0	199	4	6	22	5	2	14	4	2	3	5	1	2	3	6	11	0	6	1	7	4	2	
4	6	5	7	7	4	5	4	5	10	5	4	4	4	4	4	4	4	5	5	4	4	4	4	4	4	4	4	4	4	4	5	4	7	4	4	5	5	4	4	6	4	4	4	4	4	4	4	5	4	5	4	4	5	4	5	4	4	5	4	4	4	4	4	6	5	4	4	5	4	4	4	4	46	4	96	4	5	4	4	5	4	5	4	4	4	4	4	4	4	4	4	4	4	5	5	6	4	4	4	5	4	4	4	4	4	10	5	6	5	4	4	8	4	4	5	4	4	4	4	4	4	4	14	5	4	4	5	7	4	5	5	8	4	6	4	4	6	4	5	6	4	5	4	15	4	4	4	4	4	5	4	4	4	4	4	4	5	4	11	5	4	4	5	4	5	14	4	5	4	4	4	4	4	4	4	4	5	205	4	4	8	4	4	6	5	4	5	4	4	4	5	5	4	6	5	4	4	6	4	
3	9	11	10	7	0	1	2	1	38	4	3	0	2	1	0	1	1	7	2	6	31	2	7	3	0	0	9	1	1	1	4	1	17	3	0	1	4	0	2	1	1	7	1	1	0	4	4	5	0	3	2	6	2	3	5	3	4	12	1	5	2	1	3	3	0	3	1	2	7	10	6	1	166	13	208	0	2	3	2	5	1	4	4	0	0	3	2	2	5	5	2	7	5	5	4	3	9	3	7	7	1	2	5	2	0	36	3	62	2	1	2	6	7	3	1	0	4	1	1	2	2	5	64	1	4	9	7	3	5	7	9	55	1	1	2	13	12	2	24	10	1	1	2	59	2	2	2	3	1	2	2	10	2	5	5	0	2	5	21	5	0	1	5	9	10	42	2	5	3	4	1	1	3	6	4	2	0	201	4	5	27	3	2	17	4	2	2	4	1	2	3	6	11	0	6	1	7	4	2	
4	6	5	7	7	4	5	4	5	10	5	4	4	4	4	4	4	4	5	5	4	4	4	4	4	4	4	4	4	4	4	5	4	8	4	4	5	5	4	4	5	4	4	4	4	4	4	4	6	4	5	4	4	5	4	4	4	4	5	4	4	4	4	4	6	5	4	4	5	4	4	4	4	51	4	99	4	5	4	4	5	4	5	4	4	4	4	4	4	4	4	4	4	4	5	5	6	4	4	4	5	4	4	4	4	4	10	6	7	5	4	4	8	4	4	5	4	4	4	4	4	4	4	15	5	4	4	5	7	4	6	5	9	4	6	4	4	6	4	5	6	4	5	4	15	4	4	4	4	4	5	4	4	4	4	4	4	5	4	10	5	4	4	5	4	4	12	4	5	4	4	4	4	4	4	4	4	6	207	4	4	9	4	4	8	5	4	5	4	4	4	5	5	4	6	5	4	4	6	4	
3	9	13	9	7	0	1	2	1	37	6	2	0	2	1	0	1	2	8	2	6	36	2	8	3	0	0	9	1	0	1	4	1	18	3	0	1	4	0	2	1	1	8	1	1	0	2	4	5	0	6	2	6	3	5	6	2	4	18	1	4	2	1	3	7	0	3	2	2	5	15	9	1	181	15	214	0	3	3	2	6	0	4	4	0	1	2	2	2	4	4	3	6	5	4	4	3	9	3	7	6	1	2	5	2	0	44	2	74	3	1	1	7	7	3	2	0	3	2	1	2	3	5	62	1	3	9	7	4	5	7	9	64	1	1	2	13	15	2	29	14	1	1	1	68	2	2	2	3	1	2	2	12	2	5	5	0	2	4	23	5	0	4	5	10	10	45	2	5	3	4	1	2	4	8	4	3	0	201	4	5	32	3	1	17	7	2	2	4	2	2	3	5	10	1	6	1	7	4	2	
4	6	5	7	7	4	5	4	5	11	4	4	4	4	4	4	4	4	5	5	4	5	4	4	4	4	4	4	4	4	4	5	4	7	4	4	5	5	4	4	5	4	4	4	4	4	4	4	6	4	5	4	4	5	5	4	4	4	5	4	4	4	4	4	6	5	4	4	5	4	4	4	4	55	4	106	4	5	4	4	5	4	5	4	4	4	4	4	4	4	4	4	4	4	6	5	6	4	4	4	5	4	4	4	4	4	10	6	7	5	4	4	8	4	4	5	4	4	4	4	4	4	4	17	5	4	4	5	7	4	6	5	10	4	5	4	4	6	4	5	6	4	5	4	17	4	4	4	4	4	5	4	4	4	4	4	4	5	4	11	5	4	4	5	4	4	12	4	5	4	4	4	4	4	4	4	4	6	211	4	4	9	4	4	8	5	4	5	4	4	4	5	5	4	6	5	4	4	5	4	
3	9	22	9	7	0	1	2	2	37	6	3	0	3	1	0	0	3	10	2	5	40	2	9	2	0	0	8	1	1	1	4	1	23	3	0	1	5	0	2	1	1	8	1	1	0	2	4	5	0	8	2	6	4	7	7	2	4	19	1	4	2	1	3	8	0	2	1	2	5	17	9	1	187	16	220	0	4	3	3	5	0	4	4	0	1	2	2	2	4	4	3	5	4	5	4	3	10	3	8	7	1	2	5	2	0	45	2	76	1	0	1	8	9	3	2	0	5	2	1	1	3	5	65	1	3	8	6	4	5	7	9	71	1	2	3	12	19	2	41	17	1	2	1	68	2	3	2	3	1	2	2	15	2	6	4	0	2	4	25	5	0	3	2	13	9	59	2	5	3	5	1	2	5	10	4	3	0	207	4	4	39	3	1	20	9	2	2	3	2	3	4	7	10	2	7	2	5	4	2	
4	6	5	7	7	4	5	4	5	10	4	4	4	4	4	4	4	4	5	5	4	5	4	5	4	4	4	4	4	4	4	5	4	8	4	4	5	5	4	4	5	4	4	4	4	4	4	4	7	4	5	4	4	5	5	4	4	4	5	4	4	4	4	4	6	5	4	4	5	4	4	4	4	57	4	111	4	5	4	4	5	4	5	4	4	4	4	4	5	4	4	4	4	4	6	6	6	4	4	4	5	4	4	4	4	4	11	5	8	5	4	4	8	4	4	5	4	4	4	4	4	4	4	17	5	4	4	5	7	4	6	5	11	4	5	4	4	6	4	5	6	4	5	4	19	4	4	4	4	4	5	4	4	4	4	4	4	5	4	11	5	4	4	5	4	4	13	4	5	4	4	4	4	4	4	4	4	6	207	4	4	9	4	4	8	5	4	5	4	4	4	5	5	4	5	5	4	4	5	4	
3	10	27	9	9	0	1	3	2	36	7	3	0	3	1	1	0	2	14	2	5	42	2	9	2	0	0	6	1	1	1	5	1	27	3	0	1	5	0	2	1	1	8	1	1	0	2	4	5	0	8	1	5	6	5	9	2	4	23	1	4	2	1	3	11	0	2	1	2	5	21	6	1	201	17	226	0	4	4	3	5	0	5	4	0	1	2	2	2	4	4	3	5	4	5	5	3	9	3	9	8	1	3	6	2	0	51	2	84	3	0	1	8	9	3	3	0	3	2	1	1	3	5	74	3	2	8	6	6	4	7	8	73	1	1	4	11	18	1	47	17	1	2	1	72	2	3	2	3	1	3	3	15	2	6	4	0	3	4	28	7	1	2	3	14	11	64	3	4	3	6	0	2	5	12	4	3	0	212	4	4	52	3	1	20	10	2	3	3	2	3	5	7	9	3	7	2	5	5	2	
4	6	5	7	7	4	5	4	5	10	4	4	4	4	4	4	4	4	5	5	4	5	4	5	4	4	4	4	4	4	4	5	4	8	4	4	5	5	4	4	5	4	4	4	4	4	4	4	7	4	5	4	4	5	5	4	4	4	5	4	4	4	4	4	6	5	4	4	5	4	4	4	4	57	4	112	4	5	4	4	5	4	5	4	4	4	4	4	5	4	4	4	4	4	6	6	6	4	4	4	5	4	4	4	4	4	12	5	8	5	4	4	8	5	4	5	4	4	4	4	4	4	4	18	5	4	4	5	7	4	6	6	11	4	5	4	4	6	4	5	6	4	5	4	21	4	4	4	4	4	5	4	4	4	4	4	4	5	4	11	5	4	4	5	4	4	13	4	5	4	4	4	4	4	4	4	4	6	212	4	4	9	4	4	8	5	4	5	4	4	4	5	5	4	5	5	4	5	5	4	
3	11	30	9	12	0	2	4	2	40	7	3	0	2	1	1	0	2	17	2	5	43	2	10	2	0	0	6	1	1	1	5	1	34	4	0	1	5	0	2	1	1	8	1	1	0	2	4	5	0	8	1	5	8	7	8	5	4	27	1	4	2	1	4	12	1	2	1	3	5	23	6	1	209	15	230	0	5	3	3	7	1	5	3	0	1	2	2	2	4	2	3	4	4	5	5	5	10	3	10	8	1	2	6	2	1	54	2	88	6	0	1	9	9	4	3	0	2	2	1	1	3	5	78	2	2	8	6	7	4	7	8	80	1	1	4	11	20	1	50	16	1	2	1	73	2	3	2	3	1	3	3	13	2	6	5	0	3	4	27	7	1	3	3	14	13	71	2	4	2	6	0	4	5	12	4	3	0	209	2	4	56	3	1	21	11	2	4	3	3	3	6	8	7	4	7	2	5	5	2	
4	6	5	7	7	4	5	4	5	9	4	4	4	4	4	4	5	4	5	5	4	5	4	5	4	4	4	4	4	4	4	5	4	8	4	4	5	5	4	4	5	4	4	4	4	4	4	4	7	4	5	4	4	5	5	4	4	4	5	4	4	4	4	4	6	5	4	4	5	4	4	4	4	63	4	113	4	5	4	4	5	4	5	4	4	4	4	4	5	4	4	4	4	4	6	6	6	4	4	4	5	4	4	4	4	4	12	5	8	5	4	4	8	5	4	5	4	4	4	4	4	4	4	17	5	4	4	5	7	4	6	6	13	4	5	4	4	6	4	5	6	4	5	5	20	4	4	4	4	4	5	4	4	4	4	4	4	5	4	10	5	4	4	5	4	4	13	4	5	4	4	4	4	4	4	4	4	6	215	4	4	9	4	4	8	5	4	5	4	4	4	5	5	4	5	6	4	5	5	4	
3	12	33	8	12	0	3	3	2	43	7	3	0	2	1	1	0	3	17	3	5	46	2	11	2	0	1	4	1	1	1	7	1	43	4	0	1	4	1	2	1	1	8	1	1	0	2	4	6	0	8	1	3	11	7	9	6	3	29	1	4	2	1	4	16	1	3	1	3	4	25	7	1	222	16	228	0	5	3	3	8	1	6	3	0	2	1	2	2	3	2	3	3	3	5	6	6	10	3	9	7	1	2	6	3	1	59	2	92	6	0	1	8	10	6	4	0	4	2	1	1	3	6	80	1	2	8	6	9	4	7	7	85	1	1	4	10	22	2	50	18	1	4	1	77	1	2	2	3	1	3	4	13	3	5	6	0	3	3	29	8	1	4	3	16	15	80	2	5	1	7	0	4	8	14	3	4	0	205	2	4	59	2	1	22	12	1	5	3	3	3	7	8	6	5	7	2	4	5	2	
4	6	5	8	7	4	5	4	5	9	4	4	4	4	4	4	5	4	5	5	4	6	4	5	4	4	4	4	4	4	4	5	4	9	4	4	5	5	4	4	5	4	4	4	4	4	4	4	7	4	5	4	4	5	5	4	4	4	6	4	4	4	4	4	6	5	4	4	5	4	4	4	4	65	4	115	4	5	4	4	5	4	5	4	4	4	4	4	5	4	4	4	4	4	6	6	6	4	4	5	5	4	4	4	4	4	13	5	12	5	4	4	8	5	4	5	4	4	4	4	4	4	4	17	5	4	4	5	7	4	7	6	15	4	5	4	4	5	4	6	6	4	5	5	20	4	4	4	4	4	5	4	4	4	4	4	4	5	4	10	5	4	4	5	4	4	14	4	5	4	4	4	4	4	4	4	4	6	217	4	4	9	4	4	8	5	4	5	4	4	4	5	5	4	5	6	4	5	5	4	
3	13	37	8	14	0	4	3	3	47	9	3	0	2	1	1	1	3	22	3	5	53	1	17	1	0	1	4	1	1	1	6	1	48	6	0	1	4	1	2	2	1	8	1	0	0	2	4	6	0	7	1	4	10	8	9	6	3	36	1	3	2	1	6	20	1	3	2	2	4	26	7	1	230	19	231	0	5	2	3	10	2	7	3	0	2	1	2	2	3	2	5	3	3	7	7	8	10	3	8	7	1	3	5	3	1	63	3	101	7	0	1	6	10	7	2	0	5	2	1	1	1	6	82	1	2	7	5	12	4	4	5	96	0	1	4	10	31	2	55	17	1	4	1	85	1	2	2	3	1	4	4	16	4	5	6	0	3	3	34	9	1	6	3	17	16	77	2	6	1	8	0	4	9	15	3	4	2	211	2	4	60	3	1	26	12	1	4	3	3	3	7	10	7	5	6	2	3	7	2	
4	8	5	8	7	4	5	4	5	8	4	4	4	4	4	4	5	4	5	5	4	7	4	5	4	4	4	4	4	4	4	5	4	9	4	4	5	5	4	4	5	4	4	4	4	4	4	4	7	4	5	4	4	5	5	5	4	4	7	4	4	4	4	4	6	5	4	4	5	4	4	4	4	66	4	124	4	5	4	4	5	4	5	4	4	4	4	4	5	4	4	4	4	4	6	7	6	4	4	5	5	4	4	4	4	4	14	5	13	5	4	4	8	5	4	5	4	4	4	4	4	4	4	21	5	4	5	5	7	4	7	6	14	4	5	4	4	5	4	6	6	4	5	5	19	4	4	4	4	4	5	4	4	4	4	4	4	5	4	10	5	4	4	5	4	4	17	4	5	4	5	4	4	4	4	4	4	6	220	4	4	9	4	4	8	5	4	5	4	4	4	5	5	4	5	6	4	5	5	4	
3	15	43	8	15	1	5	4	3	43	7	3	0	2	1	1	1	3	23	3	5	56	1	17	1	0	0	4	1	1	0	8	1	57	6	0	1	4	1	2	2	1	8	1	0	0	2	3	5	0	6	1	4	14	8	11	9	5	41	3	3	2	1	6	19	3	4	3	3	3	30	8	1	244	19	235	0	5	1	3	11	2	7	3	0	2	1	3	2	3	2	4	3	2	5	8	7	10	3	10	8	1	2	5	3	1	66	8	106	7	1	1	6	9	8	2	0	7	1	1	1	2	5	87	3	2	7	5	14	4	6	5	105	0	1	5	9	35	1	56	20	0	6	1	94	2	5	2	3	1	3	4	17	4	5	6	0	4	3	34	9	1	4	4	17	16	83	2	6	1	8	0	4	10	19	3	4	3	210	2	4	61	3	1	29	12	1	4	3	3	3	8	11	6	4	6	2	3	10	2	
4	8	5	8	7	4	5	4	4	8	4	4	4	4	4	4	6	4	5	5	4	7	4	6	4	4	4	4	5	4	4	5	4	9	4	4	5	5	4	4	5	4	4	4	4	4	4	4	7	4	6	4	4	5	5	5	4	4	7	4	4	4	4	4	6	5	4	4	5	4	4	4	4	70	4	124	4	5	4	4	5	4	5	4	4	4	4	4	5	4	4	4	4	4	6	7	6	4	4	5	5	4	4	4	4	4	16	5	12	5	4	4	8	5	4	5	4	4	4	4	4	4	4	21	5	4	5	5	7	4	7	6	14	4	5	4	4	5	4	7	6	4	5	5	20	4	4	4	4	4	4	4	4	4	4	4	4	5	4	9	5	4	4	5	4	4	19	4	5	4	5	4	4	4	4	4	4	6	222	4	4	9	4	4	8	5	4	5	4	4	4	5	5	4	5	6	4	5	5	4	
3	14	48	8	20	1	5	4	3	50	7	3	0	2	1	1	2	3	25	3	5	59	1	20	1	0	0	4	1	1	0	10	0	57	6	0	2	4	1	2	3	1	8	1	2	0	2	3	8	0	5	1	4	16	7	11	9	6	39	2	4	2	1	6	23	4	5	3	5	3	35	9	1	237	20	240	0	5	1	3	14	2	9	3	0	2	1	3	1	3	2	6	3	2	5	8	7	10	5	9	8	1	2	6	3	0	70	7	115	8	1	1	7	9	6	2	0	9	2	1	1	1	5	91	4	2	7	5	13	4	7	4	116	0	2	7	7	36	1	66	22	0	6	1	100	2	4	1	3	1	5	4	22	4	5	5	0	5	3	40	10	1	3	5	16	18	90	2	8	1	9	0	3	9	24	3	4	5	205	2	4	62	2	1	31	10	1	3	3	3	3	9	14	5	5	6	3	3	10	2	
4	8	4	8	7	4	5	4	4	9	5	4	4	4	4	4	6	4	5	5	4	8	4	6	4	4	4	4	5	4	4	5	4	10	4	4	5	5	4	4	5	4	4	4	4	4	4	4	7	4	6	4	4	5	5	5	4	4	7	4	4	4	4	4	6	5	4	4	5	4	4	4	4	74	6	128	4	5	4	4	5	4	5	4	4	4	4	4	5	4	4	4	4	4	6	7	6	4	4	5	6	4	4	4	4	4	15	5	11	6	4	4	8	5	4	5	4	4	4	4	4	4	4	23	5	4	5	5	7	4	7	6	13	4	5	4	4	5	4	8	6	4	5	5	20	4	4	4	4	4	4	4	4	4	4	4	4	5	4	10	5	4	4	5	4	4	21	4	5	4	5	4	4	4	4	4	4	6	224	4	4	9	4	4	8	5	4	5	4	4	4	5	5	4	5	6	4	5	5	4	
4	16	54	8	22	1	5	5	5	52	7	3	0	2	0	1	2	2	32	3	5	63	0	20	1	0	0	3	1	1	0	10	0	60	6	0	2	4	1	2	4	2	7	1	3	0	2	3	10	0	6	0	4	18	9	11	10	7	42	3	6	2	1	7	27	5	4	3	5	3	37	12	1	253	23	246	0	4	1	2	15	1	12	3	0	3	1	3	1	3	2	7	3	2	4	8	9	9	6	9	9	1	1	6	3	0	77	11	123	8	2	1	8	10	8	3	0	9	2	1	1	1	5	100	6	2	7	5	15	4	8	3	120	0	3	8	7	42	1	69	30	0	6	1	111	3	4	1	3	1	5	4	27	4	5	5	1	6	1	45	13	1	4	7	16	19	104	2	11	1	8	0	5	9	26	3	4	5	206	2	4	74	3	1	34	8	1	3	4	3	3	11	14	5	6	7	3	4	10	2	
4	8	4	8	7	4	5	4	4	9	5	4	4	4	4	4	6	4	5	4	4	8	4	6	4	4	4	4	5	4	4	5	5	10	4	4	5	5	4	4	5	4	4	4	4	4	4	4	7	4	6	4	4	5	5	5	4	4	7	4	4	4	4	4	6	5	4	4	5	4	4	4	4	81	6	127	4	5	4	4	5	4	5	4	4	4	4	4	5	4	4	4	4	4	6	7	6	4	4	5	6	4	4	4	4	4	17	5	14	6	4	4	8	5	4	5	4	4	4	4	4	4	4	24	6	4	5	5	6	4	7	6	15	4	5	4	4	5	4	8	6	4	5	5	23	4	4	4	4	4	5	4	4	4	4	4	4	5	4	10	5	4	4	5	4	4	21	4	5	4	5	4	4	4	4	4	4	6	232	4	4	9	4	4	8	5	4	5	4	4	4	5	5	4	5	6	4	5	5	4	
3	16	61	8	21	2	7	4	6	62	7	3	0	3	0	1	2	3	34	3	6	62	1	23	1	0	0	2	1	1	0	11	0	70	6	0	2	4	1	2	4	3	7	2	4	0	3	3	10	0	6	0	4	21	11	12	10	8	48	3	5	1	1	7	34	9	4	3	6	3	42	15	1	272	25	243	1	4	1	2	16	1	15	2	0	4	1	3	2	3	1	9	3	2	7	10	8	9	7	11	9	1	1	6	3	0	84	12	126	8	2	1	8	9	9	4	0	9	2	1	1	1	5	103	6	2	4	5	14	5	8	3	126	0	3	8	7	43	1	79	33	0	6	1	122	3	4	1	3	1	5	3	30	4	6	7	1	8	1	45	18	1	3	5	18	19	115	2	11	1	8	0	5	8	30	3	5	5	213	2	4	75	5	1	34	10	1	4	4	3	3	12	15	5	7	7	4	4	10	2	
4	8	4	8	7	4	5	4	4	9	5	4	4	4	4	4	6	4	6	5	4	8	4	7	4	4	4	4	5	4	4	5	5	10	4	4	5	5	4	4	5	4	4	4	4	4	4	4	8	4	6	4	4	5	6	5	4	4	7	4	4	4	4	5	6	5	5	4	5	4	4	4	4	80	6	138	4	5	4	4	5	4	6	4	4	4	4	4	5	4	4	4	4	4	6	8	6	4	4	5	6	4	4	4	4	4	17	5	16	6	4	4	8	5	4	5	4	4	4	5	4	4	4	24	6	4	5	5	7	4	7	6	18	4	5	4	4	6	4	9	6	4	5	5	23	4	4	4	4	4	5	4	4	5	4	4	4	5	4	9	5	4	4	5	4	5	26	4	5	4	5	4	4	4	4	4	4	6	232	4	4	10	4	4	8	5	4	6	4	4	4	5	5	4	5	6	4	5	5	4	
2	20	63	9	28	1	7	4	8	64	8	3	0	3	0	2	2	2	36	2	6	64	1	29	0	0	1	2	1	2	0	13	0	79	6	0	2	3	1	2	5	3	6	1	3	0	3	3	11	0	8	1	5	24	10	15	10	7	51	3	5	1	1	9	36	9	4	3	7	3	48	18	1	278	26	244	1	3	1	3	15	1	14	2	0	4	1	3	3	3	1	9	3	2	7	9	9	8	8	14	9	1	1	6	3	0	88	17	133	10	2	1	7	11	9	3	1	9	2	0	1	1	5	105	8	2	4	5	18	5	9	2	133	0	3	7	7	57	1	82	33	0	7	1	135	3	6	1	2	1	6	3	38	3	7	8	1	10	1	47	21	1	3	5	18	23	119	2	11	1	8	0	5	8	32	3	4	6	227	2	4	83	5	1	37	11	1	4	4	3	3	13	17	6	9	6	5	4	11	2	
4	8	4	8	8	4	5	4	4	9	5	4	4	4	4	4	6	4	6	4	4	9	4	7	4	4	4	4	5	4	4	5	5	11	4	4	5	5	4	4	5	4	4	4	4	4	4	4	8	4	6	4	4	5	6	5	4	4	7	4	4	4	4	5	5	5	5	4	5	4	4	4	4	80	7	141	4	5	4	4	4	4	6	4	4	4	4	4	5	4	4	4	4	4	6	8	6	4	4	5	6	4	4	4	4	4	20	5	17	5	4	4	8	5	4	5	4	4	4	5	4	5	4	25	6	4	5	5	7	5	7	6	18	4	5	4	4	6	4	9	5	4	5	5	25	4	4	4	4	4	5	4	4	5	4	4	4	5	4	9	5	4	4	5	4	6	27	4	5	4	5	4	4	4	4	4	4	6	232	4	4	11	4	4	8	5	4	6	4	4	4	5	5	4	5	6	4	5	5	4	
2	23	63	8	28	2	9	5	10	70	8	3	0	2	0	3	2	3	38	3	7	68	1	29	0	0	1	2	1	2	0	14	0	85	4	0	4	3	1	3	7	4	5	1	2	0	4	2	13	0	9	1	6	24	11	14	10	7	52	3	5	1	1	8	40	14	6	3	8	3	52	23	1	286	30	254	1	3	1	2	13	0	15	2	0	6	0	3	2	3	1	10	3	2	6	12	10	8	9	17	11	0	0	5	3	0	93	18	145	12	2	3	10	10	8	4	1	13	3	1	1	1	6	111	9	2	4	5	20	4	14	3	139	1	3	7	7	63	2	92	32	0	9	1	148	4	6	1	2	1	6	3	41	3	8	7	1	12	1	52	24	1	5	4	17	23	131	4	13	1	12	0	5	8	32	3	3	6	227	2	4	82	5	1	39	13	1	5	4	3	3	11	19	7	9	7	5	4	12	1	
4	8	5	8	8	4	5	4	4	9	5	4	4	4	4	4	6	4	6	4	4	10	4	8	4	4	4	4	5	4	4	5	5	13	4	4	5	5	4	4	5	4	4	4	4	4	4	4	8	5	6	4	4	5	6	5	4	4	6	4	4	4	4	5	5	4	5	4	5	4	4	4	4	90	7	141	4	5	4	4	4	4	5	4	4	4	4	4	5	4	4	4	4	4	6	9	6	4	4	4	6	4	5	4	4	4	20	4	19	5	4	4	8	5	4	6	4	4	4	5	4	4	4	26	6	4	5	5	7	5	7	6	19	4	4	4	4	6	4	9	5	4	5	5	30	4	4	4	4	4	5	4	4	5	4	4	4	5	4	11	5	4	4	5	4	6	28	4	5	4	5	4	4	4	4	4	4	7	240	4	4	15	4	4	9	5	4	6	4	4	4	5	6	4	5	6	4	5	5	4	
2	29	65	7	35	3	11	6	11	78	8	3	0	3	0	3	2	3	46	4	6	67	1	31	0	0	1	2	1	3	0	13	0	95	4	1	5	3	2	3	9	4	5	1	3	0	4	2	16	0	11	1	6	22	9	17	13	7	55	4	5	1	2	6	39	14	6	4	9	3	58	24	1	299	34	249	1	3	2	2	12	0	18	2	0	6	0	3	2	3	1	11	3	2	7	16	13	8	8	20	10	0	0	4	3	0	93	17	148	14	2	3	17	10	9	6	2	12	3	1	1	1	4	109	15	2	3	7	21	4	12	5	156	1	5	7	7	65	3	92	33	0	9	1	163	4	6	1	2	1	6	4	49	1	7	8	1	14	2	53	33	1	4	5	19	25	134	4	13	1	17	0	6	9	31	2	3	4	222	2	4	82	5	1	48	16	1	5	4	3	5	15	18	8	10	9	5	4	14	1	
4	8	5	8	8	4	5	4	4	10	6	4	4	4	4	4	6	4	6	4	4	11	4	8	4	4	4	4	5	4	4	5	5	13	4	4	5	6	4	4	5	4	4	4	4	4	4	4	8	5	6	4	4	6	6	5	4	4	6	4	4	4	4	5	5	4	5	5	5	4	4	4	4	97	8	148	4	4	4	4	5	4	5	4	4	4	4	4	5	4	4	4	4	4	6	8	6	4	4	4	6	4	5	4	4	4	19	4	22	5	4	4	8	6	4	6	4	4	4	5	4	4	4	29	6	4	5	5	8	5	7	6	22	4	4	4	4	6	4	10	6	4	5	5	32	4	4	4	4	4	5	4	4	5	4	4	4	5	4	12	5	4	4	5	4	5	30	4	5	4	5	4	4	4	4	4	4	7	243	4	4	17	4	4	10	5	4	6	4	4	4	5	7	4	5	6	4	5	5	4	
1	33	67	7	37	4	13	8	11	89	11	3	0	3	1	2	5	3	52	3	8	68	1	36	0	0	1	2	2	3	0	11	0	101	4	0	8	3	3	2	9	3	4	1	3	0	5	2	17	0	11	1	6	26	11	19	15	7	64	4	5	1	2	9	45	17	5	8	10	2	69	30	1	306	37	248	1	6	3	3	14	0	21	2	0	4	1	3	2	4	1	12	4	2	11	18	14	8	10	21	10	0	0	4	3	0	93	19	155	15	2	4	22	10	9	5	3	13	2	1	1	2	4	112	16	2	3	7	26	4	19	5	157	1	6	9	6	68	4	95	33	0	12	1	174	4	6	2	2	1	9	5	53	1	7	7	1	16	2	54	41	1	6	9	17	23	138	5	14	1	18	0	7	9	35	2	4	8	224	2	4	85	6	1	49	24	3	8	4	4	5	15	20	10	10	6	6	4	16	1	
4	8	5	8	9	4	5	4	4	11	6	4	4	4	4	4	6	4	6	4	4	11	4	8	4	4	4	4	5	4	4	5	5	14	4	4	5	6	4	4	5	4	4	4	4	4	4	4	8	5	6	4	4	6	6	5	4	4	6	4	4	4	4	5	6	4	5	5	5	4	4	4	4	104	8	154	4	4	4	4	5	4	5	4	4	4	4	4	5	4	4	4	4	4	6	8	5	4	4	4	6	4	5	4	4	4	22	4	26	5	4	4	9	6	4	6	4	4	4	5	4	4	4	30	5	4	5	5	7	5	7	6	23	4	4	4	4	7	4	10	6	4	5	5	34	4	4	4	4	4	5	4	4	5	4	4	4	5	4	13	5	4	4	5	4	5	30	4	5	4	6	4	4	4	4	4	4	7	244	4	4	17	4	4	10	5	4	6	4	4	4	5	8	4	5	6	4	5	5	4	
1	36	67	6	39	4	16	10	12	98	14	3	0	2	1	1	4	3	48	4	9	70	0	42	0	0	1	2	2	4	0	13	0	106	4	0	11	2	3	2	9	3	4	1	3	0	5	2	23	0	11	1	8	31	11	20	14	8	66	4	5	1	2	9	46	17	6	14	13	2	76	30	1	311	40	257	0	7	3	3	15	0	18	2	2	8	1	4	3	5	1	17	4	1	14	18	19	8	9	21	13	0	1	4	2	0	97	22	157	18	2	3	27	11	8	4	4	14	2	1	1	3	4	115	21	2	3	6	29	4	18	6	176	1	6	10	6	65	4	108	38	0	15	2	183	3	6	2	1	1	11	6	54	1	5	8	2	17	3	55	42	1	7	10	17	26	144	5	14	1	18	0	8	8	38	2	4	9	225	1	4	85	10	1	61	28	4	10	3	5	6	15	22	11	11	6	7	5	18	1	
4	8	7	8	9	4	5	4	4	13	6	4	4	4	4	4	6	4	7	4	4	11	4	8	4	4	4	4	5	4	4	4	5	18	4	4	5	6	4	4	5	4	4	4	4	4	4	4	8	5	6	4	4	6	6	5	4	4	6	4	4	4	4	5	6	4	5	5	5	4	4	4	4	108	7	161	4	4	4	4	5	4	5	4	4	5	4	4	5	4	4	4	4	4	6	8	5	4	4	4	6	4	5	4	4	4	22	4	30	5	4	4	9	6	4	6	4	4	4	5	4	4	4	31	6	4	5	5	6	5	8	7	29	4	4	4	4	7	4	11	7	4	5	5	33	4	4	4	4	4	5	4	4	5	4	4	4	5	4	14	6	4	4	5	4	5	32	4	5	4	6	4	4	4	4	4	4	7	245	4	4	17	4	4	9	5	4	6	4	4	4	5	8	4	5	6	4	5	5	4	
1	37	70	10	42	4	17	12	13	100	15	3	0	3	1	2	7	3	48	3	7	78	1	51	0	0	1	1	2	3	0	12	0	115	3	0	12	3	3	2	10	3	4	1	3	0	6	2	26	3	12	2	8	36	12	22	15	9	70	5	5	1	4	9	50	19	7	16	14	2	82	36	1	320	43	262	0	8	3	3	16	0	19	2	2	9	1	3	3	6	1	21	5	1	15	25	22	7	11	23	14	0	1	5	2	0	110	22	165	21	2	2	30	12	10	8	4	14	2	1	1	5	5	121	21	2	3	6	32	4	21	6	180	1	10	11	6	72	4	120	36	0	16	3	191	3	5	2	1	0	13	8	60	1	6	6	3	18	2	58	43	1	8	13	18	36	152	5	16	1	19	1	9	12	44	2	4	7	220	1	4	89	12	1	72	31	4	9	3	5	6	17	22	10	10	5	6	5	21	1	
4	7	7	8	9	4	5	4	4	15	6	4	4	4	4	4	6	4	7	4	4	13	4	8	4	4	4	5	5	4	4	4	5	19	4	4	5	6	4	4	5	4	4	4	4	4	4	4	8	4	7	4	4	6	6	5	4	4	7	4	4	4	4	5	6	4	5	5	5	4	4	4	4	114	7	162	4	4	4	4	5	4	5	4	4	5	4	4	5	4	4	4	4	4	6	8	6	4	4	4	6	4	5	4	4	4	24	4	31	5	4	4	9	7	4	6	4	4	4	5	4	4	4	35	6	4	6	4	6	5	8	7	33	4	4	4	4	8	4	14	7	4	6	5	33	4	4	4	4	4	5	4	4	5	4	4	4	5	4	15	7	4	4	5	4	5	32	4	5	4	6	4	4	5	4	4	4	7	248	4	4	18	4	4	10	5	4	6	4	4	4	5	8	4	5	6	4	5	5	4	
1	40	72	11	43	6	19	10	13	98	16	3	0	4	1	3	8	2	51	5	9	84	2	61	0	0	1	1	3	3	0	15	0	117	2	0	12	4	4	2	9	3	4	1	3	0	6	2	30	3	16	4	10	42	13	22	16	10	74	5	5	1	4	11	57	19	8	20	18	2	86	39	1	320	49	266	0	10	3	3	19	0	24	3	2	10	1	3	4	5	1	24	4	1	19	32	25	6	9	27	15	0	1	6	2	0	122	26	168	24	3	1	35	12	10	9	4	17	3	1	1	5	4	126	21	2	1	6	36	4	24	7	187	1	14	13	7	77	4	127	36	0	18	3	210	3	4	1	1	0	15	8	67	2	4	7	4	23	2	62	42	1	8	17	19	36	165	5	18	1	21	1	8	14	48	2	4	11	220	1	4	93	11	1	76	35	3	9	3	5	7	16	22	10	9	7	7	7	22	1	
4	7	9	8	9	4	6	4	4	16	5	4	4	4	4	4	6	4	7	5	4	15	5	9	4	4	4	5	5	4	4	4	5	19	4	4	5	6	4	4	5	4	4	4	4	4	4	4	9	4	7	4	4	6	6	5	4	4	6	4	4	4	4	5	7	4	5	5	6	4	4	4	4	121	7	171	4	4	4	4	5	4	5	4	4	5	4	4	5	4	4	4	4	4	6	8	6	4	4	4	6	4	5	4	4	4	25	4	37	5	4	4	9	7	4	6	4	4	4	5	4	4	4	36	6	4	6	4	6	5	8	7	35	4	4	4	4	8	4	17	8	4	6	5	41	4	4	4	4	4	5	5	4	5	4	4	4	5	4	14	7	4	4	5	4	5	30	4	5	4	6	4	4	5	4	4	4	7	254	4	4	21	4	4	11	5	4	6	4	4	4	5	9	4	5	6	4	5	5	4	
2	44	73	12	48	8	21	10	15	106	19	3	0	4	1	3	9	2	53	5	7	87	2	63	0	0	1	1	3	3	0	14	0	129	2	0	12	4	4	0	9	4	5	1	2	0	6	1	37	3	15	5	8	47	12	25	16	11	80	4	5	1	4	13	64	21	8	23	19	2	91	42	2	316	51	256	0	15	3	3	21	0	21	3	2	10	2	3	4	5	1	29	4	0	21	39	29	6	11	31	15	0	2	8	2	0	129	28	174	28	3	1	38	14	11	11	5	17	3	1	1	7	3	125	22	2	1	6	38	4	33	8	202	2	15	16	9	90	3	136	39	0	19	4	208	3	6	1	1	0	15	7	79	2	4	8	8	27	2	56	44	1	6	21	21	34	180	5	21	1	21	1	9	16	49	2	4	11	225	0	4	105	11	1	76	42	2	9	3	5	6	17	28	12	10	8	7	8	25	1	
4	6	9	8	9	4	6	4	4	15	4	4	4	4	4	4	6	4	8	5	4	19	5	10	4	4	4	5	6	4	4	4	5	19	4	4	5	6	4	4	5	4	4	4	4	4	4	4	10	4	8	4	4	7	6	5	4	4	7	4	4	4	4	5	9	4	5	5	6	4	4	4	4	125	6	171	4	6	4	4	5	4	5	4	4	6	4	4	5	4	4	4	4	4	6	8	6	4	4	4	6	4	5	6	4	4	24	4	41	5	4	4	9	7	4	6	4	4	4	5	4	4	4	40	7	4	6	4	6	5	8	7	44	4	4	4	4	9	4	20	8	4	6	5	44	4	4	4	4	4	5	5	4	5	4	4	4	5	4	15	8	4	4	5	4	6	32	4	6	4	6	4	4	5	4	4	4	7	258	4	4	24	5	4	13	5	4	6	4	4	4	6	9	4	5	6	4	5	5	4	
2	46	70	17	55	7	24	14	16	116	25	2	0	4	2	3	12	2	56	6	7	94	4	69	0	0	2	1	3	4	0	16	1	131	2	0	12	4	4	0	11	4	4	1	3	0	6	1	44	4	17	8	8	48	15	23	17	10	84	4	5	1	2	17	70	18	12	23	24	2	88	43	2	323	55	255	0	17	4	4	22	0	28	4	2	10	3	3	4	6	1	27	5	0	23	42	36	6	12	33	17	0	2	11	1	0	134	34	178	29	2	1	40	13	13	13	8	20	4	1	1	7	4	127	23	2	3	6	48	4	39	11	204	2	19	16	10	100	3	144	44	0	21	4	219	4	7	1	1	0	20	8	87	2	4	9	9	28	2	57	44	1	7	23	19	37	187	5	21	1	23	1	10	19	49	2	4	16	230	0	4	110	11	1	89	44	1	10	3	6	6	20	37	12	12	10	7	8	28	1	
4	6	11	8	11	4	6	4	4	14	4	4	4	4	4	4	5	4	8	5	4	20	5	11	4	4	4	5	6	4	4	4	5	18	4	4	5	6	4	4	5	4	4	4	4	4	4	4	10	4	8	4	4	7	5	4	4	4	9	4	4	4	4	5	11	4	5	5	6	4	4	4	5	126	8	175	4	6	4	4	6	4	5	4	4	6	4	4	5	4	4	4	4	4	5	8	6	4	4	6	6	4	5	6	4	4	24	4	45	5	4	4	8	7	4	6	4	4	4	5	4	4	4	40	7	4	6	4	8	5	8	7	48	4	4	5	4	9	4	21	10	4	7	5	45	4	4	4	4	4	5	5	4	4	4	4	4	5	4	15	8	4	4	5	4	7	35	4	7	4	6	4	4	5	4	4	4	7	260	4	4	27	6	4	13	5	4	6	4	4	4	6	8	4	5	6	4	5	4	4	
3	53	68	18	55	7	26	14	17	121	31	3	0	4	2	3	19	3	66	6	8	95	4	72	0	0	3	1	2	4	0	18	1	145	2	0	12	4	4	0	13	4	4	3	3	0	6	1	51	4	22	7	6	48	15	24	17	12	98	4	6	1	2	19	73	18	13	29	22	2	95	43	2	313	59	250	0	20	7	3	24	1	30	5	2	10	3	2	4	7	1	34	4	0	25	47	33	6	13	29	17	0	2	10	1	0	152	39	182	31	2	2	43	13	15	14	9	20	4	3	1	6	5	128	24	2	4	7	48	4	45	12	207	3	19	17	9	106	4	149	49	0	22	4	221	4	10	1	1	0	26	8	99	2	4	10	9	25	1	59	50	1	7	19	25	41	199	5	20	1	23	1	9	20	50	2	3	19	239	0	4	120	11	2	94	53	1	13	3	6	6	21	44	13	12	13	7	8	31	1	
4	6	12	8	12	4	6	4	4	15	4	4	4	4	4	4	5	4	8	5	4	20	5	12	4	4	4	5	6	4	4	4	5	19	4	4	5	6	4	4	5	4	4	4	4	4	4	4	9	4	8	4	4	7	5	5	4	4	12	4	4	4	4	5	12	4	5	6	6	4	4	4	5	127	9	178	4	6	4	4	6	4	6	4	4	6	4	4	5	4	4	4	4	4	5	9	7	4	4	7	6	4	6	6	4	4	24	4	50	6	4	4	8	7	4	6	4	4	4	5	4	4	4	45	7	4	6	4	8	5	8	7	52	4	4	5	4	9	4	22	10	4	7	5	54	4	4	4	4	4	6	5	4	4	4	4	4	5	4	15	9	4	4	5	4	7	35	4	8	4	6	4	4	6	5	4	4	7	258	4	4	26	6	4	14	5	4	6	4	4	4	6	9	4	4	6	4	5	4	4	
3	55	76	24	64	7	29	20	17	131	37	4	0	5	2	3	26	3	65	8	9	94	5	74	0	0	5	1	1	4	0	18	1	153	3	0	15	5	4	0	14	4	4	3	3	1	6	1	55	4	28	7	5	51	16	23	18	13	106	5	5	1	3	20	80	20	16	36	27	2	99	42	2	323	64	248	0	22	8	2	27	1	37	4	2	10	3	4	4	7	1	36	5	1	25	53	34	6	14	30	15	0	2	10	1	0	159	36	192	33	2	2	52	13	15	15	6	22	3	3	1	6	5	132	27	2	6	7	51	4	48	13	216	4	20	19	10	111	5	164	55	0	22	4	232	4	11	2	1	0	27	9	110	1	4	10	11	29	1	61	52	1	8	20	31	40	202	5	19	1	26	0	9	20	47	2	3	24	237	0	4	121	11	2	111	60	1	16	3	5	7	21	57	14	15	12	8	11	33	1	
4	7	14	7	13	4	6	4	4	18	6	4	4	4	4	4	5	4	8	5	4	22	5	13	4	4	4	5	6	4	4	5	5	22	4	4	5	6	4	4	5	4	4	4	4	4	4	4	9	4	8	4	4	7	4	5	4	4	12	4	4	4	4	5	11	4	6	6	7	4	4	4	5	132	9	184	4	7	4	4	7	4	5	4	4	6	4	4	5	4	4	6	4	4	5	9	8	4	4	8	5	4	6	6	4	4	25	4	49	6	4	4	8	7	4	6	4	4	4	5	4	4	4	46	7	4	6	4	8	6	8	7	55	4	4	5	4	11	4	23	10	4	7	5	59	4	4	4	4	4	6	5	4	4	4	4	4	5	4	15	9	4	4	5	4	8	35	4	8	4	6	4	4	6	5	4	4	7	262	4	4	31	7	4	15	5	4	6	4	4	4	6	10	4	4	6	4	5	5	4	
3	58	78	22	67	8	31	26	17	142	35	4	0	5	2	3	28	3	78	9	10	93	5	75	0	1	4	1	1	5	0	19	2	165	3	0	14	5	5	0	14	5	4	3	5	2	6	0	57	3	33	8	6	58	20	24	19	13	112	9	5	1	3	24	90	23	19	41	27	1	105	46	2	324	71	246	0	30	8	2	29	1	37	5	2	12	3	4	4	6	1	41	5	2	30	57	38	5	14	33	17	0	2	12	2	0	171	38	197	36	2	2	57	13	13	17	7	26	4	3	1	6	5	139	32	2	6	7	54	6	49	12	218	3	22	19	10	118	5	169	58	0	26	4	237	4	11	2	1	0	31	10	119	1	4	11	13	32	1	65	58	1	9	27	34	42	217	5	19	1	26	0	11	24	47	2	3	31	228	0	4	136	13	2	114	62	1	18	3	5	8	23	61	15	17	13	8	11	32	1	
4	8	14	6	14	4	6	4	4	20	8	4	4	4	4	4	5	4	8	5	4	23	5	12	4	4	4	5	6	4	4	5	5	24	4	4	5	6	4	4	5	4	4	4	4	4	4	4	10	4	9	4	4	7	4	5	4	4	13	4	4	4	4	5	12	5	6	7	7	4	4	4	5	138	12	186	4	7	4	4	7	4	5	4	4	6	4	4	5	4	4	6	4	4	5	9	8	4	4	8	6	4	6	6	4	4	27	5	53	6	4	4	8	8	4	6	4	4	4	5	4	5	4	48	7	4	6	4	7	7	9	7	61	4	4	5	4	11	4	24	10	4	7	5	59	4	4	4	4	4	6	5	4	4	4	4	4	5	4	15	10	4	4	5	4	8	38	4	8	4	6	4	4	6	5	4	4	7	261	4	4	31	7	4	17	5	4	7	4	4	4	6	11	4	6	6	4	5	5	4	
4	58	80	22	68	8	39	27	18	155	35	4	0	5	3	3	29	2	79	13	10	92	6	80	0	0	3	1	1	5	0	19	2	172	3	0	14	6	4	0	19	6	4	6	6	3	6	0	63	2	35	10	7	64	20	25	17	13	113	9	6	1	4	29	101	23	22	46	28	1	106	54	1	333	78	244	0	32	8	2	30	1	43	5	2	15	3	6	8	6	1	48	8	2	34	65	44	5	18	34	22	0	4	15	2	0	180	41	198	36	1	2	56	15	15	16	9	26	4	3	1	6	5	137	33	2	6	7	53	4	58	10	223	3	23	22	12	127	5	173	58	0	27	4	254	5	12	1	1	1	38	12	128	1	5	12	20	31	1	64	67	1	10	29	37	47	218	4	21	1	27	0	11	27	55	3	3	35	227	0	4	139	14	2	118	67	1	18	5	5	10	25	71	18	19	11	8	10	38	1	
4	8	17	6	14	4	6	4	4	23	8	4	4	4	4	4	5	4	8	5	4	22	5	12	4	4	4	5	6	4	4	5	5	25	4	4	5	6	4	4	5	4	4	4	4	4	4	4	13	4	9	4	4	8	4	5	4	4	14	5	4	4	4	5	13	6	6	7	7	4	4	4	5	147	13	183	4	7	4	4	8	4	5	4	4	6	4	4	5	4	4	6	4	4	7	9	9	4	4	8	6	4	6	6	4	4	31	5	56	7	4	4	8	8	4	6	4	4	4	5	4	5	4	49	7	4	6	4	7	7	9	7	64	4	4	5	4	13	4	25	10	4	7	5	60	4	4	4	4	4	6	5	4	4	4	4	4	5	4	18	9	4	4	5	4	8	42	4	8	4	6	4	4	6	7	4	4	7	259	4	4	34	9	4	18	6	4	7	4	4	4	6	12	4	6	6	4	5	5	4	
4	62	84	24	73	8	41	33	17	160	41	4	0	6	4	3	29	3	89	15	11	87	7	90	1	0	4	1	3	6	0	20	2	177	4	0	15	6	4	0	18	6	4	6	5	4	5	0	68	2	35	10	7	72	22	29	17	15	116	7	6	1	6	31	109	24	23	48	29	1	104	56	1	331	82	244	0	36	8	2	31	1	42	5	2	15	3	7	9	4	1	58	7	1	40	69	46	5	19	44	26	0	2	14	2	0	190	48	200	38	1	3	62	17	15	18	9	28	3	3	1	6	5	133	40	2	8	7	54	7	65	12	222	3	24	25	12	133	6	179	60	0	26	4	279	6	17	0	1	1	44	14	136	0	6	12	24	35	1	66	74	1	10	38	41	53	220	3	24	0	32	0	15	32	54	4	3	39	234	0	4	149	17	2	133	66	2	17	6	5	9	30	82	21	21	14	8	12	42	1	
4	8	21	6	15	4	6	4	4	24	8	4	4	4	4	4	5	4	8	5	4	22	5	12	4	4	4	5	6	4	4	5	5	28	4	4	5	6	4	4	5	4	4	4	4	4	4	4	13	4	8	4	4	10	4	5	4	4	18	5	4	4	4	6	15	7	6	7	7	4	4	4	5	150	13	190	4	7	4	4	8	4	5	4	4	6	4	4	5	4	4	8	4	4	7	9	8	4	4	8	6	4	6	6	4	4	33	5	58	7	4	4	9	9	4	6	4	4	4	5	4	5	4	52	7	4	6	4	7	7	8	8	67	4	4	5	4	14	4	27	11	4	8	5	66	4	4	4	4	4	6	5	4	4	4	4	4	5	4	20	9	4	4	6	4	9	43	4	9	4	7	4	4	6	8	4	4	7	261	4	4	40	9	4	21	6	4	7	4	4	4	6	13	4	7	6	4	5	5	4	
4	62	91	27	73	12	45	35	16	166	46	4	0	6	4	3	28	4	97	16	10	83	6	92	1	0	4	1	3	8	0	22	4	179	5	0	16	10	3	0	23	6	5	6	5	4	5	0	71	3	38	12	7	72	26	30	19	15	126	7	6	1	6	33	126	24	23	53	32	1	107	56	2	348	96	239	0	40	9	1	31	1	45	6	4	16	4	8	12	3	1	72	6	1	46	74	46	5	19	47	30	0	3	19	2	2	193	48	202	43	1	5	68	17	12	19	10	28	4	4	1	7	5	139	42	2	8	6	59	7	66	13	238	3	26	26	12	144	7	191	63	0	27	6	293	6	18	0	3	1	46	13	135	1	7	14	19	39	2	67	80	1	12	47	40	60	226	3	29	0	35	0	16	36	62	4	4	46	236	0	4	166	19	3	144	70	2	17	5	6	7	34	88	24	23	16	7	14	46	1	
4	10	23	5	15	4	6	4	4	24	8	4	4	4	4	4	5	4	9	5	4	23	5	14	4	4	4	5	6	4	4	6	4	30	4	4	5	6	4	4	5	4	4	4	4	4	4	4	15	4	8	4	4	11	4	5	4	4	17	5	4	4	4	6	17	6	6	7	7	4	4	4	5	156	14	189	4	8	4	4	8	4	5	4	4	6	4	4	5	4	4	8	4	4	7	10	7	4	4	8	5	4	6	6	4	4	35	6	62	8	4	4	11	9	4	6	4	4	4	5	4	5	4	55	7	4	7	4	7	7	9	8	69	4	4	5	4	14	4	33	11	4	8	5	69	4	4	4	4	4	6	5	4	4	4	4	4	5	4	20	9	4	4	7	4	9	48	4	9	4	7	4	5	6	11	4	5	7	273	4	4	42	9	4	22	6	4	7	4	4	6	6	15	4	8	6	4	5	6	4	
4	68	96	29	76	15	52	38	15	176	54	4	0	7	4	4	30	4	104	21	10	85	7	97	1	0	5	2	9	8	0	20	4	187	7	1	18	13	7	0	24	8	6	6	6	4	4	0	75	2	38	13	7	72	24	29	25	15	130	7	6	2	6	40	136	22	23	64	37	1	119	60	2	363	103	243	0	51	12	3	38	1	45	7	4	17	4	7	15	3	1	81	6	2	50	85	50	5	16	48	33	0	4	18	2	2	201	49	207	50	0	6	71	19	14	20	11	30	5	8	1	8	6	152	44	2	9	7	64	7	68	14	242	3	24	27	12	147	7	197	64	0	29	6	308	7	25	0	3	1	44	13	150	1	8	16	25	40	4	71	86	1	13	53	41	65	221	3	34	0	42	1	14	39	66	4	5	48	239	0	4	170	19	4	152	75	2	22	5	6	8	38	95	24	23	18	8	15	53	0	
4	11	23	6	18	4	7	4	4	26	9	4	4	4	4	4	5	4	9	5	4	27	5	18	4	4	4	5	6	4	4	6	4	29	4	4	5	6	4	4	5	4	4	4	4	4	4	4	16	4	8	4	4	10	4	5	4	4	19	5	4	4	4	7	20	6	6	6	8	4	4	4	5	166	16	194	4	8	4	4	8	4	6	4	4	7	4	4	5	4	4	8	4	4	7	12	7	4	4	7	5	4	6	6	4	4	43	6	63	9	4	4	12	9	4	6	4	4	4	5	4	5	4	59	7	4	8	4	8	7	9	8	75	4	4	5	4	16	4	33	11	4	8	5	74	4	4	4	4	4	6	5	4	4	4	4	4	5	4	20	12	4	4	7	4	10	60	4	10	4	7	4	5	7	11	4	5	7	276	4	4	43	9	4	24	9	4	7	4	4	6	6	17	4	8	6	4	5	7	4	
4	69	103	35	81	13	56	50	17	183	58	5	0	8	4	4	31	4	114	22	10	87	8	103	1	1	5	2	15	10	0	21	4	182	8	1	17	12	8	0	28	8	5	7	6	5	4	0	82	1	40	14	7	72	25	29	28	15	131	8	6	2	7	45	158	25	28	72	39	1	125	60	2	366	104	248	1	51	13	3	42	1	46	10	3	17	4	9	23	4	1	94	5	3	55	91	53	5	15	55	37	0	6	24	2	3	208	45	202	53	0	6	87	20	17	21	13	29	8	10	2	9	6	157	47	1	9	8	67	11	80	15	251	3	25	30	11	154	7	211	72	0	32	6	313	8	22	0	3	1	48	12	159	2	8	18	30	44	4	76	91	1	14	61	48	66	234	3	35	0	48	1	15	48	66	3	7	57	239	0	4	172	22	4	165	73	2	23	6	7	10	43	99	24	26	21	8	15	57	0	
4	12	23	7	16	4	7	4	4	29	8	4	4	4	4	4	5	4	10	5	4	29	5	19	4	4	4	5	6	4	4	6	4	33	4	4	6	6	4	4	5	4	4	4	4	4	4	4	18	4	8	4	4	12	6	5	4	4	22	5	4	4	4	7	20	6	6	6	8	4	4	4	5	167	18	199	4	8	4	4	9	4	6	4	4	7	4	4	5	4	4	11	4	4	7	13	8	4	4	7	7	4	6	7	4	4	47	6	67	9	4	4	11	9	4	7	4	4	4	5	4	5	4	61	7	4	7	4	10	7	11	8	81	4	4	5	4	17	5	34	11	4	8	5	79	4	4	4	4	4	6	5	4	4	4	4	4	5	4	19	14	4	4	7	4	11	66	4	10	4	5	4	5	6	12	4	5	6	278	4	4	45	9	4	27	8	4	7	4	4	6	7	21	4	8	6	4	6	7	4	
4	74	109	37	87	12	58	58	18	181	71	6	0	6	3	4	35	4	119	20	12	94	8	106	1	2	7	3	15	11	0	21	4	181	10	1	16	15	7	0	30	9	7	8	8	5	5	0	80	1	48	13	7	77	29	29	29	16	144	9	7	3	8	43	177	23	33	76	44	0	127	63	3	367	103	254	2	57	13	3	40	1	50	12	3	18	4	9	27	4	1	93	6	4	58	102	58	5	16	62	42	0	7	27	2	3	216	49	202	54	0	7	91	25	17	21	14	32	9	13	1	11	6	160	55	1	13	7	70	12	80	16	257	3	27	30	14	168	7	224	77	0	36	4	302	9	24	0	3	1	56	12	171	2	8	20	34	48	5	78	101	2	13	70	51	70	238	2	41	0	49	1	22	51	74	3	6	69	237	0	4	181	25	5	180	85	4	26	5	6	11	45	106	25	26	21	8	15	63	0	
4	13	26	8	16	4	8	4	4	35	8	4	4	4	4	4	5	4	10	5	4	30	5	18	4	4	4	5	6	4	4	6	4	34	4	4	6	6	4	4	5	4	4	4	4	4	4	4	20	4	10	4	4	12	6	5	4	4	24	5	4	4	4	7	23	6	6	6	9	4	4	4	5	171	19	197	4	8	4	4	9	4	6	4	5	7	4	4	6	4	4	12	4	4	8	14	8	4	4	9	7	4	6	7	4	4	48	5	72	9	4	4	11	9	4	7	4	4	4	5	4	5	4	60	7	4	7	4	10	7	11	8	83	4	4	5	4	18	5	36	10	4	9	5	83	4	4	4	4	4	6	5	4	4	4	4	4	5	4	19	16	4	4	7	4	11	72	4	10	4	5	4	5	7	13	4	5	6	281	4	4	45	9	4	31	8	4	7	4	4	6	7	21	4	7	6	4	6	8	4	
7	77	111	45	93	12	60	61	19	178	74	9	0	7	3	5	36	3	121	21	12	96	10	110	1	2	9	6	15	9	0	23	3	184	9	1	21	16	10	0	32	9	7	7	9	5	5	0	89	2	51	15	6	84	33	34	28	19	160	11	8	3	8	47	192	22	34	82	46	1	132	61	3	362	112	250	1	61	12	3	45	1	49	16	3	21	4	9	32	4	1	99	6	4	61	105	67	5	17	67	49	1	8	28	1	3	218	57	212	57	0	6	95	30	21	21	17	36	10	14	1	11	6	155	57	1	13	7	73	15	85	18	265	3	27	33	15	176	6	235	82	0	40	7	303	8	25	0	5	1	57	14	182	2	10	24	45	56	3	78	105	2	12	76	59	78	245	2	43	1	55	2	27	57	75	4	6	74	256	0	3	186	32	7	185	85	7	27	6	5	13	47	112	27	29	19	8	20	68	0	
4	14	23	8	16	4	8	4	5	41	8	4	4	4	4	4	5	4	10	5	4	32	5	18	4	4	4	5	7	4	4	6	4	40	4	4	6	6	4	4	5	4	4	4	4	4	4	4	19	4	11	5	4	12	6	5	4	4	25	5	4	4	4	7	25	7	6	7	9	4	4	4	5	175	21	196	4	8	4	4	9	4	6	4	5	7	4	4	6	4	4	15	4	4	8	14	8	4	4	9	7	4	6	7	4	4	52	6	76	9	4	4	10	9	4	7	4	4	4	4	4	5	4	64	7	4	7	4	11	7	11	8	87	4	4	5	4	24	5	42	12	4	9	5	95	4	4	4	4	4	7	5	4	4	4	4	4	5	4	21	18	4	4	7	4	12	81	4	9	4	6	4	5	7	13	4	5	6	280	4	4	48	10	4	32	9	4	7	4	4	6	7	20	4	7	6	4	8	8	4	
6	83	110	55	99	13	60	64	25	185	79	8	0	7	2	5	37	3	121	24	13	98	12	123	1	2	9	6	16	11	3	24	3	193	10	1	25	20	10	0	34	8	8	6	12	4	5	0	95	2	56	14	5	94	35	34	32	20	169	13	8	3	11	49	198	26	37	94	49	1	133	68	5	374	117	269	1	62	13	3	45	1	50	17	3	28	4	9	39	3	1	109	6	6	70	113	71	5	18	74	47	1	9	32	1	3	228	57	213	59	0	7	101	30	22	24	19	39	14	20	1	11	6	169	64	1	17	6	73	22	90	22	274	3	26	32	17	185	6	242	83	0	43	7	302	9	26	0	5	1	63	17	186	3	16	30	47	58	3	74	113	1	15	89	67	90	249	5	58	1	58	2	35	57	87	4	6	80	256	1	2	197	37	7	186	85	7	29	5	5	13	50	117	31	35	20	7	22	63	0	
4	15	25	10	19	4	9	4	5	47	8	4	4	4	4	4	5	4	14	5	4	31	5	18	4	4	4	5	7	4	4	6	4	45	4	4	6	5	4	4	5	4	4	4	4	5	4	4	21	4	12	5	4	13	6	5	4	4	27	5	4	4	4	7	29	7	6	6	9	4	4	4	5	184	23	196	4	9	4	4	10	4	7	4	5	7	4	4	6	4	4	15	4	4	7	17	8	4	4	10	9	4	6	8	4	4	55	7	84	10	4	4	11	9	4	7	4	6	4	4	4	5	4	67	9	4	7	4	11	7	11	8	95	4	5	5	4	29	5	48	12	4	9	5	96	4	4	4	4	4	6	5	4	4	4	4	4	5	4	21	18	4	4	8	4	13	89	4	10	4	6	4	5	7	16	4	5	6	277	4	4	52	11	4	33	10	4	8	4	4	6	7	20	4	8	6	4	8	8	4	
5	88	106	57	98	14	72	66	24	182	86	8	0	8	1	5	39	3	127	21	11	96	15	132	1	2	9	7	17	10	3	26	4	198	10	1	27	22	11	0	36	8	8	6	11	3	6	0	98	2	60	14	5	100	38	37	36	23	172	13	7	3	13	55	204	27	41	102	55	1	143	79	9	373	130	271	1	64	12	3	46	1	48	15	4	28	4	8	46	3	1	115	8	7	80	117	77	4	20	79	49	1	14	34	1	3	232	55	219	68	1	7	111	28	23	26	21	39	14	23	1	12	5	173	73	1	21	8	78	37	97	25	268	3	24	35	16	192	5	247	84	0	45	8	310	10	28	0	5	1	66	21	192	3	17	30	48	62	4	78	122	1	17	104	68	94	258	8	67	1	65	2	47	58	100	3	7	87	251	1	1	199	41	7	189	93	5	33	5	6	16	49	125	33	32	27	7	24	68	0	
4	18	25	9	21	4	9	4	5	47	8	4	4	4	4	4	5	4	16	6	4	30	5	24	4	4	4	5	7	4	4	7	4	55	4	4	6	5	4	4	5	4	4	4	4	5	4	4	21	4	12	5	4	14	6	6	4	4	30	5	4	4	4	6	34	7	7	7	10	4	4	4	5	191	24	200	4	8	4	4	13	4	7	4	5	7	4	4	6	4	4	16	4	4	8	19	8	4	4	10	11	4	7	8	4	4	62	9	85	10	4	4	12	10	4	7	4	9	4	4	4	5	4	70	9	4	7	4	12	7	13	8	102	4	5	5	4	30	5	52	13	4	10	5	98	4	4	4	4	4	6	5	4	4	4	4	4	5	4	25	19	4	4	9	4	16	93	4	12	4	8	4	5	8	17	4	5	6	282	4	4	57	11	4	35	12	4	8	4	4	6	7	21	4	9	6	4	8	9	4	
5	98	108	68	99	15	75	77	26	184	93	8	0	7	1	6	42	3	136	22	13	97	20	138	2	1	10	7	18	12	3	23	6	197	10	1	28	29	11	0	40	8	10	5	14	3	6	0	103	3	66	17	7	103	45	40	41	28	172	15	6	4	13	61	218	35	43	114	62	1	141	85	8	378	136	278	1	70	14	3	47	3	52	12	5	39	4	6	47	2	2	122	8	6	82	126	85	4	21	77	51	1	20	37	1	3	240	58	209	67	0	8	117	32	26	26	22	40	15	26	1	11	6	173	74	1	24	7	83	41	99	30	277	3	26	44	19	201	5	253	80	0	50	7	311	10	31	0	5	1	70	23	194	2	21	33	53	67	4	78	131	1	16	126	76	102	251	9	75	1	75	1	55	64	104	6	7	95	251	1	1	212	45	7	203	99	5	38	4	7	15	51	129	36	34	32	9	28	80	0	
4	19	26	11	22	4	9	4	5	49	8	4	4	4	4	4	5	4	17	6	4	31	5	26	4	4	4	5	7	4	4	7	4	59	4	4	7	5	4	4	5	4	4	4	4	5	4	4	21	4	12	6	4	13	6	7	4	4	36	5	4	4	4	7	36	7	7	9	11	4	4	4	5	193	24	207	4	10	4	4	14	4	8	4	5	7	4	4	6	4	4	16	4	4	9	18	9	4	4	12	11	4	6	9	4	4	64	9	89	10	4	4	12	10	4	7	4	9	4	4	4	5	4	75	9	4	6	4	13	7	14	8	105	4	5	5	4	34	5	58	14	4	10	5	99	4	4	4	4	4	7	5	4	4	4	4	4	5	4	25	21	4	4	11	4	15	100	4	10	4	8	4	5	8	20	4	6	6	283	4	4	57	10	4	37	12	4	9	4	4	6	7	23	4	10	6	4	8	10	4	
5	97	110	76	102	18	90	80	26	191	106	8	0	6	1	6	49	3	144	22	15	98	22	141	2	1	10	8	20	15	3	26	6	209	16	2	31	30	12	0	43	8	12	5	15	3	6	0	118	3	70	18	7	115	49	40	47	28	182	19	6	4	15	64	226	41	47	121	70	1	149	85	14	388	150	278	1	74	16	2	48	3	51	14	5	44	6	6	51	2	4	127	9	5	88	126	93	4	22	83	61	1	22	41	0	3	242	57	210	75	0	7	119	38	28	28	23	42	16	27	1	14	5	177	76	1	28	8	82	45	105	28	279	3	26	49	20	213	5	259	84	0	62	7	307	12	31	0	4	1	72	28	199	2	22	35	59	69	4	85	137	1	14	132	77	107	255	10	77	2	82	1	62	78	116	6	5	100	248	1	1	207	54	6	217	104	7	46	5	7	14	54	131	39	38	36	12	31	85	0	
4	19	32	12	22	4	9	4	6	58	8	4	4	4	4	4	5	4	21	6	4	36	5	25	4	4	4	5	7	4	4	7	4	62	4	4	7	5	4	4	5	4	4	4	4	5	4	4	22	4	13	6	4	16	6	7	4	4	40	5	4	4	4	8	39	7	7	10	12	4	4	4	5	204	25	208	4	10	4	4	14	4	8	4	5	8	4	4	7	4	4	16	4	4	9	19	10	4	4	12	11	4	6	9	4	4	68	11	90	10	4	4	13	10	4	7	4	10	4	4	4	5	4	80	10	4	6	4	15	7	14	7	112	4	6	6	4	39	5	62	14	4	10	5	105	4	5	4	4	4	11	5	4	4	4	4	4	5	4	28	24	4	4	12	4	16	112	4	11	4	8	4	6	8	21	4	6	8	281	4	4	63	11	4	39	13	4	9	4	4	6	7	23	4	10	7	4	8	11	4	
6	105	108	81	108	19	96	83	28	192	117	7	0	7	1	6	52	3	143	28	16	94	29	149	2	1	12	7	26	16	2	29	6	214	20	2	30	32	14	0	47	9	11	6	15	4	6	0	130	5	70	20	8	122	58	45	52	27	198	21	6	3	16	64	228	47	56	131	74	0	151	93	15	388	161	279	1	82	17	2	48	3	49	17	5	46	7	6	59	1	5	136	10	4	99	139	90	3	21	89	68	1	25	40	0	3	239	60	208	76	0	9	118	42	29	30	23	48	18	31	1	17	6	177	78	2	30	9	84	48	110	31	298	5	32	57	20	211	7	261	84	0	66	9	312	13	31	1	3	1	80	32	210	2	25	38	74	67	4	90	150	0	14	138	84	111	252	13	84	2	91	2	65	92	130	6	4	104	251	1	1	207	56	6	226	116	7	55	6	8	16	56	143	40	39	35	14	30	84	0	
5	24	36	13	25	4	12	4	5	58	9	4	4	4	4	4	5	4	22	6	4	41	5	29	4	4	4	5	8	4	4	7	4	68	4	4	7	6	4	4	6	4	4	4	4	5	4	4	24	4	13	6	4	16	6	7	4	4	42	5	4	4	4	10	37	6	7	9	13	4	4	4	5	204	27	221	4	10	4	4	15	4	10	4	5	9	4	4	7	4	4	19	4	4	10	19	11	4	4	9	10	4	6	9	4	4	77	12	92	9	4	4	13	11	4	6	4	11	4	5	4	5	4	85	13	4	6	4	15	7	14	6	119	4	9	6	4	38	5	70	19	4	10	5	109	4	5	4	4	4	11	5	4	4	4	4	5	6	4	28	27	4	4	12	4	16	112	5	11	4	9	4	8	9	21	4	6	8	289	4	4	64	10	4	45	15	4	9	4	4	5	8	25	4	11	7	4	8	14	4	
8	108	117	91	107	17	99	95	30	203	118	5	0	8	2	6	59	3	153	31	13	101	33	159	2	2	10	8	28	16	2	28	8	214	21	2	33	37	14	0	46	10	13	7	15	3	7	0	140	5	75	23	8	135	56	44	54	29	207	23	6	3	18	75	244	49	60	137	82	4	154	95	20	392	162	284	1	88	18	3	45	2	45	19	5	48	7	6	65	1	6	139	11	4	105	144	96	2	22	93	75	1	25	43	0	3	243	65	209	85	0	9	118	43	35	31	28	51	21	32	1	19	6	175	81	2	35	9	84	52	116	31	308	5	33	59	20	214	7	261	86	0	71	9	318	13	35	1	3	1	81	37	216	2	27	36	77	74	4	94	163	0	10	143	87	119	267	12	94	2	93	4	69	94	139	7	6	109	249	1	1	205	66	8	224	118	10	66	5	8	15	58	148	45	47	38	14	31	87	0	
5	25	36	16	25	5	12	4	5	65	9	4	4	4	4	4	6	4	23	7	4	42	4	30	4	4	4	6	8	4	4	7	4	78	4	4	9	6	4	4	6	4	4	4	4	5	4	4	28	4	12	6	4	16	7	8	4	4	45	5	4	4	4	10	40	7	8	12	14	4	4	4	5	208	27	225	4	11	4	4	14	4	9	4	5	10	4	4	8	4	4	20	4	4	10	19	11	4	4	10	8	4	6	9	4	4	80	12	96	10	4	4	16	11	4	6	4	13	4	6	4	5	4	88	14	4	7	4	17	7	13	5	121	4	9	6	4	42	5	76	21	4	10	5	119	4	5	4	4	4	13	6	4	4	4	4	5	6	4	32	29	4	4	13	4	17	114	4	11	4	10	4	7	10	20	4	6	10	289	4	4	69	10	4	51	18	4	12	4	4	6	11	29	4	11	7	4	8	15	4	
8	116	127	101	103	18	101	96	30	210	121	6	0	11	3	6	68	3	155	30	15	100	42	159	2	2	9	8	32	17	2	26	12	212	29	2	35	39	14	0	51	11	13	8	16	4	9	1	152	5	75	29	8	139	66	47	63	27	224	24	6	4	17	84	256	54	67	146	83	5	155	97	20	398	166	290	1	96	18	5	54	3	46	21	5	50	7	6	73	1	6	139	11	5	114	158	100	1	28	96	79	1	27	44	0	3	241	70	211	86	0	10	124	43	39	34	28	59	21	35	1	23	6	176	84	3	40	8	81	56	119	27	318	7	38	60	20	225	9	270	89	0	69	10	318	13	35	1	3	1	81	44	216	2	26	34	84	74	4	91	184	1	13	154	90	125	269	17	103	2	100	4	72	97	146	9	8	120	245	1	1	208	72	8	221	122	7	70	6	9	17	60	161	46	49	40	16	31	94	0	
5	29	36	17	28	5	12	4	5	66	12	4	4	4	4	4	7	4	23	7	4	42	4	31	4	4	4	6	8	4	4	7	4	81	4	4	9	6	4	4	6	4	4	4	4	5	4	4	28	4	15	5	4	16	8	9	4	4	49	5	4	4	4	10	48	6	10	13	12	4	4	4	5	208	27	230	4	13	4	4	14	4	11	4	5	10	4	4	11	4	4	20	4	4	10	21	10	4	4	12	8	4	7	13	4	4	85	12	106	11	4	4	22	11	4	6	4	13	4	6	4	5	4	88	14	4	7	4	18	7	16	5	124	4	10	6	4	46	5	81	22	4	12	5	121	4	5	4	4	4	16	6	4	4	4	4	5	10	4	34	32	4	4	16	4	18	118	4	11	4	11	4	8	11	21	4	6	10	292	4	4	72	9	4	53	18	4	11	4	4	6	11	30	4	11	7	4	8	15	4	
9	116	127	105	107	16	115	100	29	207	127	6	0	14	3	6	77	3	161	33	15	98	50	155	4	2	9	10	31	18	2	28	14	217	31	2	36	44	15	0	57	13	11	10	15	6	7	0	160	4	75	35	9	144	67	50	74	30	224	29	6	3	16	85	262	56	63	154	92	5	161	100	21	404	172	293	1	102	17	8	59	4	47	21	6	56	8	9	74	1	5	141	11	5	116	159	101	1	25	101	89	1	26	46	0	2	244	72	206	89	0	11	133	57	39	36	29	65	25	40	1	26	7	175	96	4	45	8	82	60	122	32	326	6	45	62	24	228	11	276	90	0	70	10	326	14	36	1	3	2	78	50	212	2	27	34	92	82	4	87	192	2	12	160	93	128	270	20	109	2	104	6	78	95	152	11	9	123	243	1	1	204	82	7	222	118	7	76	6	11	15	60	167	48	51	39	16	33	100	0	
5	29	36	18	32	5	13	4	5	69	14	4	4	4	4	4	8	4	27	7	4	43	4	37	4	4	4	6	8	4	4	8	4	86	4	4	9	6	4	4	9	4	4	4	4	5	4	4	31	4	15	5	4	19	9	10	4	4	56	5	4	4	4	11	53	7	11	14	12	4	4	4	5	212	33	234	4	17	4	4	16	4	15	4	5	12	4	4	10	4	4	22	4	4	10	24	10	4	4	13	9	4	8	14	4	4	90	12	112	11	4	4	24	12	4	6	4	13	4	5	4	5	4	96	14	4	7	5	17	7	18	5	131	4	11	7	4	50	5	87	23	4	13	5	122	4	5	4	4	4	18	6	4	4	4	4	5	11	4	36	36	4	4	20	4	23	124	4	12	4	11	4	8	13	22	4	6	11	298	4	4	75	10	4	59	19	4	11	4	4	6	12	29	4	12	7	4	8	18	4	
10	123	126	98	119	19	122	107	32	213	135	6	0	15	3	6	85	3	176	30	16	97	47	153	4	2	8	12	32	22	2	30	14	213	35	2	35	46	16	0	60	11	12	10	13	7	8	0	169	4	82	39	11	150	67	56	79	29	230	33	7	3	17	95	263	64	67	159	99	7	163	105	23	418	178	299	1	108	17	8	66	4	49	24	6	63	7	7	74	2	6	143	9	5	124	167	103	1	24	112	86	1	32	53	0	2	255	77	210	95	0	11	135	66	41	42	30	65	27	40	1	27	7	178	102	4	43	8	85	68	131	34	347	6	48	67	28	232	12	285	88	0	75	11	324	13	36	1	3	1	88	51	216	2	27	34	100	83	4	91	205	2	12	175	95	131	277	23	110	2	109	6	80	99	161	13	11	131	251	1	2	199	87	9	236	120	7	74	7	12	15	62	174	53	54	43	16	33	115	0	
5	31	42	19	36	6	14	4	6	74	17	4	4	4	4	4	7	4	31	7	4	43	4	41	4	4	4	5	8	4	4	9	4	90	4	4	9	6	4	4	10	4	4	4	4	5	5	4	30	4	16	6	4	22	9	10	4	4	61	5	4	4	4	13	57	7	11	15	12	4	4	4	6	215	37	247	4	16	4	4	19	4	15	4	5	12	4	4	11	4	4	28	4	4	10	25	12	4	4	14	9	4	8	15	4	4	98	14	114	14	4	4	25	12	4	6	4	14	4	5	4	5	4	101	16	4	8	5	19	7	18	6	138	4	11	7	4	54	5	94	25	4	12	5	126	4	5	4	4	4	19	6	4	4	4	4	7	15	4	39	40	4	4	22	4	26	127	5	13	4	12	4	9	14	23	4	6	12	302	4	4	78	11	4	62	19	4	11	4	4	6	13	32	4	12	10	4	9	21	4	
12	131	125	104	118	22	135	120	34	216	137	6	1	17	4	5	87	3	185	36	19	100	49	155	4	3	8	14	38	25	3	32	13	209	35	2	33	48	16	0	61	12	13	12	13	8	9	0	179	5	86	46	13	165	70	61	89	36	238	36	7	3	19	99	272	71	67	173	106	6	164	111	26	407	173	305	1	120	18	14	65	5	51	26	6	63	6	7	80	2	6	147	7	7	137	169	103	1	26	119	95	1	32	57	0	3	261	89	217	95	0	10	144	75	51	46	28	68	30	37	1	30	8	178	107	5	45	8	91	72	144	33	339	7	50	76	28	233	13	297	93	0	75	16	321	14	35	2	3	1	104	53	234	2	25	36	106	83	5	97	212	2	14	183	100	141	285	27	123	2	115	5	84	113	173	13	12	141	248	1	2	204	82	10	245	134	7	84	8	13	16	62	186	55	59	49	16	37	118	0	
5	32	41	18	38	6	17	4	6	73	17	4	4	4	4	4	7	4	39	7	4	48	4	41	4	4	4	5	8	4	4	9	4	94	4	4	9	6	4	4	11	4	4	4	4	4	5	4	34	4	17	7	4	24	9	12	4	4	63	5	4	4	4	13	64	6	11	15	14	4	4	4	8	221	39	249	4	16	4	4	18	4	16	4	5	11	4	4	12	4	4	31	4	4	11	31	11	4	4	13	9	4	8	15	4	4	102	14	123	14	4	4	27	13	4	6	4	14	4	5	4	5	4	105	19	4	9	5	20	7	19	6	142	4	11	8	4	61	5	100	29	4	14	5	141	4	6	4	4	4	19	6	4	4	4	4	10	16	4	42	40	4	4	25	4	28	129	5	15	4	12	4	10	14	25	4	6	17	310	4	4	84	12	4	66	22	4	11	4	4	7	12	38	4	12	10	4	9	23	4	
15	139	135	99	112	24	143	120	35	217	150	6	1	21	3	5	95	4	187	38	20	100	54	156	4	2	8	14	41	28	3	33	13	213	32	1	34	55	18	0	60	13	14	13	16	8	10	0	178	6	90	51	16	174	73	61	97	40	244	40	8	3	17	103	278	70	68	178	113	7	162	121	38	400	177	308	1	120	19	18	66	5	54	29	7	64	7	5	88	2	6	158	8	9	147	170	102	1	26	122	95	1	35	65	0	2	267	91	218	93	0	10	144	93	56	50	27	77	30	38	1	34	8	176	110	5	50	9	95	80	146	40	345	7	52	82	29	241	15	300	93	0	76	16	323	13	35	2	3	1	108	54	235	3	29	42	115	87	6	104	224	2	18	200	102	145	287	29	136	2	123	5	90	125	181	14	13	147	247	1	2	199	96	10	245	139	8	94	8	16	16	67	198	55	63	58	17	40	121	0	
5	31	46	21	39	6	18	4	6	81	19	4	4	4	4	4	11	4	43	7	4	53	4	44	4	4	4	5	8	4	4	10	4	95	4	4	10	6	4	4	11	4	4	4	4	5	5	4	34	4	17	7	4	26	11	14	4	4	66	5	4	4	4	14	73	6	10	19	18	4	4	4	8	228	46	250	4	16	4	4	20	4	14	4	5	12	4	4	13	4	4	32	4	4	13	34	15	4	4	17	10	4	8	15	4	4	103	15	133	15	4	4	27	16	4	6	4	14	4	6	4	6	4	115	20	4	9	5	22	10	25	7	151	4	13	9	4	63	5	108	32	4	16	5	147	4	6	4	4	4	19	7	4	4	4	4	12	21	4	41	41	4	4	31	4	30	142	5	18	4	15	4	11	15	30	4	6	17	306	4	4	92	12	4	68	29	4	11	4	5	8	13	43	4	14	12	4	9	23	4	
17	140	141	107	116	28	148	126	39	213	162	6	1	21	2	6	103	4	182	43	20	107	58	159	5	4	11	15	43	27	3	36	11	211	33	2	40	57	17	0	57	13	13	13	16	10	10	0	174	5	95	61	15	186	79	63	103	41	254	45	8	3	17	103	272	78	69	190	125	8	175	124	42	402	185	300	1	121	19	19	66	6	56	29	10	68	7	5	92	1	6	159	9	10	161	171	104	1	26	126	94	1	35	74	0	2	269	94	229	91	0	10	148	103	57	53	27	80	35	38	2	37	10	179	123	5	54	8	92	86	152	40	354	9	62	86	37	249	22	299	93	0	79	15	323	13	35	2	3	2	114	59	239	3	35	46	123	92	7	105	232	2	21	208	110	160	284	32	139	2	131	4	95	129	194	14	15	155	251	1	2	194	97	9	252	146	11	111	8	17	21	74	209	52	64	57	15	43	132	0	
5	33	47	22	46	7	21	4	6	85	21	4	4	4	4	4	13	4	44	7	4	57	4	45	4	4	4	5	8	4	4	9	4	102	4	4	11	6	4	4	11	4	4	5	4	5	6	4	35	4	19	7	4	31	12	14	4	4	74	5	4	4	4	17	86	5	10	25	20	4	4	4	8	233	56	260	4	19	5	4	20	4	16	4	5	12	4	4	13	4	4	36	4	4	17	36	15	4	4	20	13	4	8	14	4	4	112	15	143	18	4	4	32	18	4	6	4	15	4	7	4	7	4	117	22	4	9	5	26	9	26	8	159	4	13	9	4	67	5	109	33	4	17	5	155	4	6	4	4	4	20	7	4	4	4	4	15	22	4	41	46	4	4	38	4	34	148	5	17	4	17	4	13	17	30	4	6	20	309	4	4	94	11	4	72	32	4	14	4	5	8	15	48	4	14	14	4	9	27	4	
23	144	151	114	120	29	156	127	40	218	166	7	1	23	2	7	109	4	197	51	18	108	60	167	4	5	11	16	46	32	4	37	14	217	32	2	44	63	22	0	58	11	15	13	13	10	10	0	167	6	89	70	16	199	86	69	106	42	257	51	10	3	18	112	281	91	75	192	130	8	173	128	48	408	188	302	1	123	18	21	66	8	56	29	14	71	6	5	96	1	6	161	9	10	171	177	108	1	29	139	97	1	40	76	0	1	273	97	229	86	1	10	149	117	58	52	28	83	42	40	2	44	9	181	135	6	52	8	90	87	165	41	366	9	66	88	38	248	28	306	92	0	82	15	315	14	33	2	3	3	128	66	245	2	38	47	128	90	8	110	243	2	24	213	113	158	283	38	145	3	142	4	98	126	195	14	16	159	255	1	2	195	107	9	260	153	11	115	10	21	23	74	214	55	67	56	14	49	141	2	
5	34	49	25	47	8	21	4	7	83	20	4	4	4	4	4	16	4	47	7	4	57	4	45	4	4	4	5	9	4	4	9	4	105	4	4	12	6	4	4	11	4	4	5	4	5	6	4	40	4	18	7	4	32	15	16	4	4	81	6	4	4	4	19	95	7	10	29	21	4	4	4	8	240	56	263	4	25	5	4	22	4	18	4	5	12	4	4	18	4	4	40	4	4	16	40	18	4	4	23	14	4	8	14	4	4	118	17	147	18	4	4	33	21	4	7	4	17	4	7	4	8	4	121	22	4	9	5	23	13	30	9	162	4	13	10	4	74	5	114	33	4	19	5	156	4	7	4	4	4	21	8	4	4	4	4	15	22	4	42	51	4	4	38	4	39	152	5	17	4	20	4	14	17	33	4	6	21	309	4	4	92	13	4	79	34	4	15	4	5	8	18	51	4	12	15	4	9	27	4	
26	145	162	125	128	33	161	130	42	215	173	8	1	24	2	6	116	4	204	52	16	101	61	167	5	5	14	16	51	35	7	41	16	224	36	2	46	66	21	0	61	12	16	15	14	12	12	0	169	7	91	79	20	189	89	70	111	44	261	54	10	3	16	119	287	84	78	194	139	8	168	133	50	407	194	302	1	129	16	23	71	9	58	29	15	72	7	5	110	2	7	173	9	12	171	173	112	1	32	143	108	1	46	83	0	1	280	103	236	91	2	11	152	126	58	56	30	91	40	39	1	48	9	183	140	6	56	10	88	97	174	46	366	9	67	87	38	252	33	322	95	0	90	15	326	14	39	3	3	2	140	68	259	3	41	56	133	95	6	110	232	2	30	219	121	177	284	43	164	3	145	4	104	135	199	15	15	164	253	1	2	190	113	9	260	163	13	120	11	24	23	77	219	58	69	65	15	54	158	2	
5	39	48	28	47	8	21	4	8	84	24	4	4	4	4	4	17	4	47	7	4	59	4	49	4	4	4	5	8	6	4	9	4	113	4	4	12	7	4	4	12	4	4	5	4	5	6	4	41	4	17	8	4	37	15	16	4	4	86	6	4	4	4	19	96	9	10	33	23	4	4	4	9	235	61	257	4	26	5	4	21	4	18	4	5	13	4	4	22	4	4	43	4	4	17	48	20	4	4	25	18	4	8	14	4	4	123	20	152	22	4	4	35	23	4	7	4	16	4	7	4	8	4	121	22	4	9	5	24	14	33	9	167	4	13	10	4	74	5	116	35	4	21	5	163	4	7	4	4	4	23	8	4	4	4	4	17	21	4	44	57	4	4	41	4	43	158	5	20	4	22	4	15	19	41	4	6	28	309	4	4	99	13	4	83	40	4	17	4	5	9	18	58	4	13	15	4	9	36	4	
29	157	168	137	128	34	171	140	45	227	177	9	1	27	2	6	125	4	208	54	15	95	66	168	5	6	15	18	58	36	7	43	16	231	42	2	50	71	20	0	65	15	19	14	17	14	13	0	173	6	87	86	18	207	89	74	122	48	263	54	10	4	15	135	289	87	71	207	141	8	174	134	52	411	195	306	2	131	20	21	71	10	58	30	18	73	6	5	122	2	8	173	11	13	180	185	108	1	38	138	109	1	48	87	0	1	282	112	241	92	2	13	157	136	66	58	28	104	46	41	1	60	10	184	148	5	69	13	91	107	179	46	372	10	71	87	44	256	34	310	96	0	94	14	330	22	44	4	3	2	145	76	253	2	40	57	141	97	6	105	236	2	30	232	124	184	285	48	173	3	144	5	110	142	205	14	17	175	245	1	2	193	120	10	265	167	18	125	13	27	24	77	223	57	75	71	13	63	163	2	
5	39	48	29	48	8	22	4	9	91	22	4	4	4	4	4	16	4	44	7	4	59	4	50	4	4	5	5	9	6	4	8	4	119	4	4	13	7	4	4	12	4	4	5	4	5	6	4	41	4	19	9	4	42	17	17	4	4	90	6	4	4	4	23	97	11	11	38	26	4	4	4	8	244	68	258	4	28	5	4	21	4	18	4	5	13	4	4	23	4	4	52	4	4	21	51	24	4	4	26	21	4	8	14	4	4	133	22	157	22	4	4	38	25	4	7	4	18	4	7	4	8	4	127	25	4	9	6	27	18	35	9	180	4	14	10	4	79	5	112	38	4	24	5	171	4	8	4	4	4	25	9	4	4	4	4	17	21	4	45	63	4	4	43	4	46	162	5	22	4	25	4	15	19	43	4	6	28	308	4	4	102	15	4	91	43	4	15	4	5	10	18	64	4	13	15	4	9	38	4	
33	157	174	142	125	35	174	149	46	231	187	12	1	26	2	5	130	4	223	60	18	100	71	169	5	5	16	17	65	35	6	39	17	230	45	3	52	79	17	0	66	14	21	15	19	14	14	0	178	7	85	95	17	218	88	77	128	57	259	60	10	3	14	152	294	101	72	211	146	9	177	142	53	425	206	307	2	140	22	22	77	10	58	35	18	74	6	6	130	2	8	178	10	14	193	182	111	1	40	140	117	0	48	92	0	1	278	119	240	97	3	13	165	145	68	61	27	113	48	44	1	68	10	186	154	6	68	13	90	115	185	47	374	9	69	88	50	255	37	313	99	0	98	17	340	20	50	4	3	3	150	83	257	3	44	64	150	109	7	104	248	3	30	238	128	193	285	53	184	3	144	4	114	145	220	15	21	193	247	1	2	201	124	10	262	182	21	134	15	27	26	81	224	57	73	73	14	66	179	2	
5	40	50	30	54	10	26	4	8	96	26	4	4	4	4	4	18	4	44	7	4	55	6	57	4	4	5	5	9	6	4	9	4	127	4	4	13	7	4	4	12	4	4	6	4	5	6	4	42	4	19	10	4	43	19	17	4	4	99	6	4	4	4	24	98	11	13	42	26	4	4	4	7	253	73	264	4	29	7	4	19	4	18	5	5	13	4	4	24	4	4	63	4	4	27	53	26	4	4	29	20	4	9	16	4	4	135	24	157	24	4	4	42	26	4	8	4	20	4	10	4	8	4	128	27	4	9	6	26	18	37	10	182	4	14	10	4	82	5	118	39	4	25	5	182	4	7	4	4	4	25	9	4	4	4	4	20	23	4	46	64	4	4	45	4	53	168	5	23	4	26	4	20	19	44	4	6	31	306	4	4	110	16	4	98	45	4	17	4	5	10	18	68	4	13	16	4	10	39	4	
41	168	172	150	124	41	179	155	50	228	198	9	1	28	2	5	131	3	230	59	20	109	73	178	5	7	17	17	67	38	7	43	19	234	43	2	53	74	17	0	70	14	19	15	24	16	14	0	179	8	87	104	18	216	93	79	135	59	261	65	11	3	18	150	290	103	73	225	155	11	173	142	48	422	203	305	2	152	33	23	79	11	66	39	21	81	6	7	142	4	9	178	8	17	194	182	116	1	42	144	119	0	53	96	0	1	275	119	239	104	3	15	158	162	68	62	32	111	55	41	2	77	10	186	161	8	79	14	95	123	187	46	369	8	73	90	53	259	39	318	99	0	95	21	333	21	51	4	2	4	163	94	252	4	48	69	154	125	7	103	242	3	33	234	142	204	280	59	197	3	145	7	122	145	222	17	25	203	249	1	2	204	132	10	274	185	19	142	15	30	27	88	238	61	75	75	16	73	184	1	
5	41	53	31	55	10	27	4	8	102	29	4	4	4	4	4	18	4	48	7	4	55	6	61	4	4	5	7	10	6	4	9	4	136	4	4	14	10	4	4	12	4	4	6	4	5	6	4	41	4	21	10	4	45	21	16	4	4	106	7	4	4	4	24	106	11	13	45	28	4	4	4	7	259	76	264	4	29	7	4	20	4	18	5	5	14	4	4	27	4	4	67	4	4	31	52	28	4	4	33	21	4	9	15	4	4	142	26	163	25	4	4	47	28	4	9	4	23	4	10	4	9	4	136	32	4	10	7	26	20	40	10	186	4	18	12	4	85	5	127	42	4	27	4	194	4	7	4	4	4	26	10	4	4	4	4	21	25	4	51	67	4	4	49	4	53	175	6	27	4	29	4	24	23	53	4	6	39	309	4	4	114	16	4	109	48	4	19	4	5	11	18	71	4	13	16	4	10	40	4	
40	172	177	157	128	41	184	163	50	223	205	11	1	27	2	8	138	3	231	63	21	106	80	185	5	7	20	17	70	39	8	44	22	233	43	1	58	77	17	0	76	16	18	17	25	17	17	0	184	8	89	114	18	228	91	87	143	70	257	67	14	3	19	159	300	108	72	234	161	15	174	144	56	426	204	314	3	165	36	26	83	12	68	38	27	89	9	8	148	4	10	183	8	18	198	192	119	1	41	150	125	1	54	107	3	2	273	125	245	105	3	14	170	164	69	57	41	129	53	40	2	82	10	187	164	7	93	15	105	135	189	52	367	10	78	92	55	267	40	313	97	0	105	23	336	24	56	5	4	4	178	99	263	4	55	73	156	131	9	110	245	4	33	233	145	206	282	62	205	2	148	8	133	148	230	16	25	205	261	1	2	210	140	10	278	194	19	159	20	28	31	85	234	69	78	79	17	73	195	2	
5	45	55	30	57	10	29	4	8	104	31	4	4	4	4	4	20	4	50	7	4	57	7	63	4	4	5	7	11	6	4	11	4	146	4	4	17	12	4	4	13	4	4	7	4	5	6	4	47	4	23	12	4	47	21	17	4	4	114	7	4	4	4	27	110	12	12	48	30	4	4	4	7	269	81	260	4	31	7	4	20	4	19	6	6	17	4	4	33	4	4	71	4	4	31	56	31	4	4	37	24	4	9	17	4	5	145	27	173	29	4	4	51	33	4	12	4	21	4	11	4	9	4	137	31	4	9	7	27	21	47	9	192	4	19	12	4	88	5	134	47	4	29	5	198	4	7	4	4	4	31	11	4	4	4	4	23	29	4	55	71	4	4	53	4	52	190	6	32	4	27	4	27	25	57	4	6	44	311	4	4	120	19	4	112	53	4	21	4	5	11	20	77	4	14	17	4	11	41	4	
39	175	188	167	129	41	198	169	49	229	208	11	1	28	2	9	142	3	234	65	22	110	83	189	5	7	22	19	76	40	8	42	25	235	47	1	56	88	18	1	80	16	19	20	27	22	16	0	187	8	94	125	18	224	95	89	148	74	257	69	17	3	20	169	307	111	83	235	171	15	179	154	59	416	216	309	3	171	36	31	85	14	75	49	30	89	10	9	162	4	9	188	11	20	198	195	131	1	42	150	128	2	57	115	3	3	280	134	238	118	3	16	171	177	67	60	43	139	52	45	4	87	10	191	163	6	101	16	111	146	192	51	363	10	86	101	60	272	43	321	97	0	106	24	343	24	55	4	5	4	188	99	269	5	59	80	162	136	9	112	243	4	39	235	147	209	276	66	207	2	148	8	154	147	235	18	30	221	255	1	2	209	140	11	277	208	19	171	23	29	32	88	233	74	82	76	21	74	210	3	
