4	4	4	4	4	4	4	4	4	4	4	4	4	4	4	4	4	4	4	4	4	4	4	4	4	4	4	4	4	4	4	4	4	4	4	4	4	4	4	4	4	4	4	4	4	4	4	4	4	4	4	4	4	4	4	4	4	4	4	4	4	4	4	4	4	4	4	4	4	4	4	4	4	4	4	4	4	4	4	4	4	4	4	4	4	4	4	4	4	4	4	4	4	4	4	4	4	4	4	4	4	4	4	4	4	4	4	4	4	4	4	4	4	4	4	4	4	4	4	4	4	4	4	4	4	4	4	4	4	4	4	4	4	4	4	4	4	4	4	4	4	4	4	4	4	4	4	4	4	4	4	4	4	4	4	4	4	4	4	4	4	4	4	4	4	4	4	4	4	4	4	4	4	4	4	4	4	4	4	4	4	4	4	4	4	4	4	4	4	4	4	4	4	4	4	4	4	4	4	4	
2	0	0	0	0	0	0	0	0	10	0	1	0	0	1	0	5	5	0	0	0	8	0	1	0	0	0	6	0	0	0	0	1	10	0	0	1	0	0	0	0	0	0	0	2	2	0	0	0	0	0	0	0	0	0	0	12	0	0	0	1	0	0	0	0	6	0	1	1	0	0	0	5	96	6	167	3	0	3	1	0	0	5	3	2	0	0	13	4	0	5	0	29	0	0	0	0	0	1	8	0	0	1	0	0	0	26	0	0	0	0	5	3	0	0	1	0	0	0	0	0	4	0	54	2	0	0	0	0	0	13	0	19	0	0	2	49	0	0	4	2	0	0	1	33	0	0	0	4	0	0	1	23	1	0	1	0	0	3	30	1	0	2	0	8	0	35	0	0	7	0	0	0	0	0	0	0	1	363	0	0	2	0	0	8	1	0	3	12	0	0	0	0	47	0	1	0	4	0	20	
4	4	4	4	4	4	4	4	4	4	4	4	4	4	4	4	4	4	4	4	4	4	4	4	4	4	4	4	4	4	4	4	4	4	4	4	4	4	4	4	4	4	4	4	4	4	4	4	4	4	4	4	4	4	4	4	4	4	4	4	4	4	4	4	4	4	4	4	4	4	4	4	4	6	4	7	4	4	4	4	4	4	4	4	4	4	4	4	4	4	4	4	4	4	4	4	4	4	4	4	4	4	4	4	4	4	4	4	4	4	4	4	4	4	4	4	4	4	4	4	4	4	4	4	4	4	4	4	4	4	4	4	5	4	4	4	4	4	5	4	4	4	4	4	4	4	4	4	4	4	4	4	4	4	4	4	4	4	4	4	4	4	4	4	4	4	4	4	4	4	4	4	4	4	4	4	4	4	14	4	4	4	4	4	5	4	4	4	4	4	4	4	4	4	4	4	4	4	4	4	
2	0	0	0	0	1	1	0	0	10	0	3	2	0	1	1	5	6	0	0	0	8	0	1	0	2	0	9	0	0	1	0	1	9	0	2	1	0	1	0	0	1	0	0	3	2	0	1	0	0	0	0	0	0	1	0	13	1	1	1	1	0	1	0	1	7	0	1	1	1	0	0	5	91	6	161	3	1	4	1	0	0	5	3	2	1	1	14	6	0	5	4	29	1	1	0	0	1	1	8	0	0	2	1	1	1	24	0	0	1	0	5	4	1	0	1	2	0	1	0	1	4	0	48	2	0	0	1	1	0	12	0	17	0	1	4	49	0	0	4	4	1	0	2	29	1	0	0	4	0	2	3	20	1	2	1	0	0	4	27	1	0	2	0	8	1	32	1	0	7	1	0	3	1	0	0	0	1	338	1	1	3	0	0	8	1	0	2	11	1	1	1	1	49	1	3	0	4	0	21	
4	4	4	4	4	4	4	4	4	4	4	4	4	4	4	4	4	4	5	4	4	4	4	4	4	4	4	4	4	4	4	4	4	4	4	4	4	4	4	4	4	4	4	4	4	4	4	4	4	4	4	4	4	4	4	4	4	4	4	4	4	4	4	4	5	4	4	4	4	4	4	4	4	7	4	8	4	4	4	4	4	4	4	4	4	4	4	4	4	4	4	4	4	4	4	4	4	4	4	4	4	4	4	4	4	4	4	4	4	4	4	4	4	4	4	4	4	4	4	4	4	4	4	5	4	5	4	4	4	4	4	4	5	4	4	4	4	4	5	4	4	4	4	4	4	4	4	4	4	4	4	4	4	4	4	4	4	4	4	4	4	4	4	4	4	4	4	4	4	4	4	4	4	4	4	4	4	4	23	4	4	4	4	4	5	4	4	4	4	4	4	4	4	4	4	4	4	4	4	4	
3	0	1	1	0	1	1	1	0	8	0	2	2	2	2	1	5	7	2	0	1	7	1	2	0	3	0	9	1	1	1	3	1	9	1	2	1	0	1	0	0	3	1	0	3	2	0	1	0	0	1	1	2	0	2	0	12	4	1	0	1	0	3	0	1	7	0	0	1	1	0	0	6	85	7	155	5	2	5	4	0	0	5	4	3	1	2	12	6	1	5	6	30	1	1	3	2	1	2	8	1	2	2	1	1	2	23	0	0	1	0	5	4	3	0	0	3	0	1	0	1	3	0	48	3	0	1	1	1	1	13	0	14	0	3	4	44	0	0	3	4	1	0	2	28	3	1	0	4	1	2	3	18	2	2	2	0	0	4	25	2	0	2	0	8	1	31	2	1	9	2	1	3	2	0	0	0	2	308	2	1	4	1	1	6	1	1	2	11	1	2	2	1	48	2	3	0	5	0	19	
4	4	4	4	4	4	4	4	4	4	4	4	4	4	4	4	4	4	5	4	4	4	4	4	4	4	4	4	4	4	4	4	4	4	4	4	4	4	4	4	4	4	4	4	4	4	4	4	4	4	4	4	4	4	4	4	4	4	4	4	4	4	4	4	5	4	4	4	4	4	4	4	4	8	4	10	4	4	4	4	4	4	4	4	4	4	4	4	4	4	4	4	4	4	4	4	4	4	4	5	4	4	4	4	4	4	4	4	4	4	4	4	4	4	4	4	4	4	4	4	4	4	4	5	4	4	4	4	4	4	4	4	5	4	4	4	4	4	5	4	4	4	4	4	4	4	4	4	4	4	4	4	4	4	4	4	4	4	4	4	4	4	4	4	4	4	5	4	4	4	4	4	4	4	4	4	4	5	36	4	4	4	4	4	5	4	4	4	4	4	4	4	4	4	4	4	4	4	4	4	
4	1	3	1	0	1	1	1	0	9	0	2	2	2	2	3	5	6	2	0	1	7	1	2	0	4	0	7	2	1	1	3	3	9	2	2	2	0	1	0	0	4	2	1	3	2	0	2	0	0	3	1	3	0	2	0	11	4	1	0	1	1	3	0	1	7	2	0	1	1	0	0	7	82	6	151	6	1	6	4	1	0	6	3	4	1	3	12	8	1	5	7	29	3	1	4	3	1	3	7	2	2	2	1	1	2	24	1	3	1	1	5	6	4	0	1	3	2	2	0	2	5	1	44	5	0	1	2	1	2	13	0	14	0	4	6	42	0	0	4	4	1	1	2	27	3	2	1	5	2	2	3	16	2	2	1	0	0	4	25	2	0	2	0	7	2	29	2	1	9	2	1	3	2	0	0	0	2	296	3	1	3	2	2	5	2	2	2	10	2	3	1	1	49	2	4	0	5	0	20	
4	4	4	4	4	4	4	4	4	4	4	4	4	4	4	4	4	4	5	4	4	5	4	4	4	4	4	4	4	4	4	4	4	4	4	4	4	4	4	4	4	4	4	4	4	4	4	4	4	4	4	4	4	4	4	4	4	4	4	4	4	4	4	4	5	4	4	4	4	4	4	4	4	10	4	15	4	4	4	4	4	4	4	4	4	4	4	4	4	4	4	4	4	4	4	4	4	4	4	5	4	4	4	4	4	4	5	4	4	4	4	4	4	4	4	4	4	4	4	4	4	4	4	5	4	4	4	4	4	4	4	4	5	4	4	4	4	4	5	4	4	4	4	4	4	4	4	4	4	4	4	4	4	4	4	4	4	4	4	4	4	4	4	4	4	4	7	4	4	4	4	4	4	4	4	4	4	5	41	4	4	4	4	4	5	4	4	4	4	4	4	4	5	4	4	4	4	4	4	4	
4	1	2	1	2	1	3	1	0	9	0	2	2	2	2	3	4	6	1	1	1	8	1	4	0	5	0	6	2	2	2	3	4	9	3	4	3	0	1	0	2	4	2	1	3	2	0	3	0	1	3	1	3	0	2	1	8	5	1	0	1	2	3	1	1	7	2	0	0	3	0	0	5	78	5	142	5	1	6	5	1	1	6	3	3	0	6	11	8	2	5	6	25	5	1	4	3	1	4	7	2	2	1	1	1	3	23	1	6	3	1	6	5	4	1	5	3	2	2	0	3	6	1	43	6	1	1	2	3	3	12	1	13	0	3	6	40	1	0	4	4	1	2	2	26	3	4	1	6	2	3	3	16	4	2	2	0	1	4	23	2	0	2	0	7	2	28	2	1	11	4	1	3	2	1	2	0	2	288	2	1	3	2	2	5	2	1	2	10	2	3	2	1	46	3	4	0	6	1	21	
4	4	4	4	4	5	4	4	4	4	4	4	4	4	4	4	4	4	5	4	4	5	4	4	4	4	4	4	4	4	4	4	4	5	4	4	4	4	4	4	4	4	4	4	4	4	4	4	4	4	4	4	4	4	4	4	4	4	4	4	4	4	4	4	5	4	4	4	4	4	4	4	4	13	4	18	4	4	4	4	4	4	4	4	4	4	4	4	4	4	4	4	4	4	4	4	4	4	4	5	4	4	4	4	4	4	6	4	4	4	4	4	4	4	4	4	4	4	4	4	4	4	4	6	4	4	4	5	4	4	4	4	6	4	4	4	4	4	5	4	4	4	4	4	4	4	4	4	4	4	4	4	4	4	4	4	4	4	4	4	4	4	4	4	4	4	7	4	4	4	4	4	4	4	4	4	4	5	48	4	4	4	4	4	5	4	4	4	4	4	4	4	5	4	4	4	4	4	4	4	
4	1	2	1	2	1	3	1	1	8	0	3	2	3	4	3	4	5	1	1	2	9	1	4	0	5	0	6	3	4	2	4	4	9	5	5	2	0	1	0	2	3	2	2	3	2	0	2	0	1	3	3	4	0	2	1	8	4	2	1	2	2	8	1	1	7	2	0	0	4	0	0	5	69	5	134	5	1	6	5	3	1	7	3	4	0	6	10	7	2	4	6	23	7	2	4	3	3	4	7	3	2	1	1	1	2	20	2	7	3	1	6	5	6	2	5	3	2	2	0	4	6	1	41	7	1	1	2	4	3	9	1	13	1	3	4	39	1	0	4	4	1	3	2	25	3	4	1	7	2	4	3	16	6	2	3	0	1	6	20	3	1	2	0	7	2	27	2	1	13	4	1	3	2	1	2	0	2	288	3	1	3	2	2	5	2	1	3	9	2	4	5	0	42	3	5	0	5	2	22	
4	4	4	4	5	5	4	4	4	4	4	4	4	4	4	4	4	4	5	4	4	4	4	4	4	4	4	4	4	4	4	4	4	5	4	4	4	4	4	4	4	4	4	4	4	4	4	4	4	4	4	4	4	4	4	4	4	4	4	4	4	4	4	4	5	4	4	4	4	4	4	4	4	15	4	21	4	4	4	4	4	4	4	4	4	4	4	4	5	4	4	4	4	4	4	4	4	4	4	5	4	4	4	4	4	4	9	4	4	4	4	4	4	4	4	4	4	4	4	4	4	4	4	6	4	4	4	5	4	4	4	4	5	4	4	4	4	4	5	4	4	4	4	4	4	4	4	4	4	4	4	4	4	4	4	4	4	4	4	5	4	4	4	4	4	4	7	4	4	4	4	4	4	4	4	4	4	5	60	4	4	4	4	4	5	4	4	4	4	4	4	4	5	4	4	4	4	4	4	4	
2	4	2	4	2	1	4	3	2	7	0	3	2	5	4	4	4	5	1	1	2	13	1	4	0	4	0	6	1	4	2	4	4	9	5	4	3	1	1	0	3	3	2	2	3	2	1	5	0	2	3	2	4	2	2	1	7	5	3	1	2	2	9	1	1	7	2	0	1	4	0	0	4	63	4	125	5	1	7	7	3	1	7	3	4	0	5	9	6	3	4	6	23	7	3	4	3	3	4	6	3	3	1	2	1	3	20	1	15	3	0	8	5	6	2	5	3	2	1	0	6	5	1	39	7	1	2	2	4	2	7	2	13	1	3	4	38	3	1	4	4	1	2	2	26	3	2	1	6	2	5	3	16	7	2	1	0	0	7	21	4	2	2	0	7	3	24	2	1	14	4	0	4	1	2	3	0	2	277	3	0	2	2	2	4	3	1	3	8	2	3	4	0	38	2	6	0	7	2	21	
4	4	4	4	5	5	4	4	4	4	4	4	4	4	4	4	4	4	5	4	4	4	4	4	4	4	4	4	4	4	4	4	4	5	4	4	4	4	4	4	4	4	4	4	4	4	4	4	4	4	5	4	4	4	4	4	4	4	4	4	4	4	4	4	5	4	4	4	4	4	4	4	4	17	4	22	4	4	4	4	4	4	4	4	4	4	4	4	5	4	4	4	4	4	4	4	4	4	4	5	4	4	4	4	4	5	9	4	4	4	4	4	4	4	4	4	4	4	4	4	4	5	4	6	4	4	4	5	4	4	4	4	5	4	4	4	4	4	5	4	4	4	4	4	5	4	4	4	4	4	4	4	4	4	4	4	4	4	4	6	4	4	4	4	4	4	7	4	4	4	4	4	4	4	4	4	4	5	74	4	4	4	4	4	5	4	4	4	4	4	4	4	5	4	4	4	4	4	4	4	
1	4	3	3	2	1	4	5	1	7	0	3	2	5	5	4	4	5	1	1	2	14	1	4	0	4	0	4	3	5	2	5	4	9	6	4	3	1	2	0	2	4	3	2	3	2	1	6	0	2	3	2	4	5	1	2	7	4	3	1	2	2	8	1	1	7	4	1	1	4	0	1	4	64	4	121	5	1	7	7	4	1	7	3	3	0	6	8	6	3	4	4	22	7	3	4	3	2	3	6	4	3	2	3	1	5	18	1	25	3	0	7	5	6	3	5	3	2	0	0	5	4	1	37	7	1	3	2	5	2	6	2	10	2	2	4	34	3	1	4	3	1	2	3	23	3	2	1	6	2	5	3	17	10	2	2	3	0	7	18	5	2	2	0	7	6	23	2	1	13	4	0	3	1	5	3	0	0	268	4	0	1	2	2	3	3	1	3	7	2	3	4	0	38	2	6	0	8	2	20	
4	4	4	4	5	5	4	4	4	4	4	4	4	4	4	4	4	4	5	4	4	4	4	4	4	4	4	4	4	4	4	4	4	5	4	4	4	4	4	4	4	4	4	4	4	4	4	4	4	4	5	4	4	4	4	4	4	4	4	4	4	4	4	4	5	4	4	4	4	4	4	4	4	19	4	26	4	4	4	4	4	4	4	4	4	4	4	4	5	4	4	4	4	4	4	4	5	4	4	5	4	4	4	4	4	5	11	4	4	4	4	4	4	4	4	4	4	4	4	4	4	5	4	6	4	4	4	5	4	4	4	4	5	4	4	4	4	4	5	4	4	4	4	4	7	4	4	4	4	4	4	4	4	4	4	4	4	4	4	6	4	4	4	4	4	4	8	4	4	4	4	4	4	4	4	4	4	5	86	4	4	4	4	4	5	4	4	4	4	4	4	4	5	4	4	4	4	4	4	4	
1	3	4	4	2	1	4	8	1	6	0	3	2	5	5	4	3	5	2	2	2	23	1	4	0	4	0	4	3	5	2	7	3	9	7	6	3	1	2	0	2	6	2	1	3	2	1	5	2	2	4	3	4	8	1	2	5	3	3	1	2	3	7	1	2	6	4	1	2	4	6	3	4	67	3	127	4	1	7	7	6	1	7	3	2	0	6	8	5	3	3	4	22	6	3	4	3	2	3	6	4	5	2	3	1	6	17	1	39	3	0	7	5	5	4	4	3	2	0	0	5	4	1	33	7	1	3	2	5	2	6	2	9	2	1	4	34	2	1	4	4	1	2	4	20	2	2	1	6	2	5	1	22	10	2	2	5	0	6	18	10	2	1	0	9	7	21	4	0	12	4	0	3	1	8	4	0	0	269	3	0	0	2	2	3	4	1	3	7	3	3	3	0	36	2	7	0	10	2	20	
4	4	4	4	5	5	4	4	4	4	4	4	4	4	4	4	4	4	5	4	4	4	4	4	4	4	4	4	4	4	4	4	4	5	4	4	4	4	4	4	4	4	4	4	4	4	4	4	4	4	5	4	4	4	4	4	4	4	4	4	4	4	4	4	5	4	4	4	4	4	4	4	4	19	4	31	4	4	4	4	4	4	4	4	4	4	4	4	6	4	4	4	4	4	4	4	5	4	4	5	4	4	4	4	4	5	11	4	4	4	4	4	4	4	4	4	4	4	4	4	4	5	4	6	4	4	4	5	4	4	4	4	5	4	4	4	4	4	5	4	4	4	4	4	7	4	4	4	4	4	4	4	4	4	4	4	4	4	4	6	4	4	4	4	4	4	7	4	4	4	4	4	4	5	4	4	4	5	96	4	4	4	4	4	5	4	4	4	4	4	4	4	5	4	4	4	4	4	4	4	
1	3	5	4	2	1	4	17	1	6	0	3	2	5	5	4	3	5	2	1	1	26	1	4	1	4	0	4	3	5	2	7	3	8	8	6	1	1	3	0	2	6	2	2	3	2	2	6	3	2	4	3	4	19	1	2	7	3	2	1	2	5	7	1	4	4	4	3	3	4	15	8	4	72	3	139	4	0	7	6	5	1	7	2	5	3	6	7	5	3	3	5	22	5	3	4	3	2	3	7	4	4	4	2	1	6	16	1	70	4	0	7	5	4	11	3	3	2	0	0	5	4	1	31	7	1	4	2	5	2	6	2	9	2	1	4	34	2	1	4	5	1	2	3	20	2	2	1	4	2	5	1	31	8	2	2	8	0	6	18	18	2	0	1	12	7	22	4	0	12	4	0	3	2	20	4	0	2	274	3	0	0	2	2	3	4	1	3	7	3	2	3	0	33	2	8	0	10	1	17	
4	4	4	4	5	5	4	4	4	4	4	4	4	4	4	4	4	4	5	4	4	5	4	5	4	4	4	4	4	4	4	4	4	5	4	4	4	4	4	4	4	4	4	4	4	4	4	4	4	4	5	4	4	4	4	4	4	4	4	4	4	4	4	4	5	4	4	4	4	4	4	4	4	21	4	34	4	4	4	4	4	4	4	4	4	4	4	4	6	4	4	4	4	4	4	4	5	4	4	5	4	4	4	4	4	5	11	4	5	4	4	4	4	4	4	4	4	4	4	4	4	5	4	7	4	4	4	5	4	4	4	4	5	4	4	4	4	4	5	4	4	4	5	4	7	4	4	4	4	4	4	4	4	4	4	4	4	4	4	7	4	4	4	4	4	4	9	4	4	4	4	4	5	5	4	4	4	5	110	4	4	5	4	4	6	4	4	4	4	4	4	4	5	4	4	4	4	4	4	4	
3	3	4	5	2	1	5	28	1	6	0	4	2	5	5	4	4	5	1	1	1	34	2	4	1	4	2	4	3	4	2	6	3	7	9	6	3	1	3	0	2	5	2	2	3	2	2	8	3	2	4	1	4	41	1	2	12	3	2	1	2	4	7	1	15	4	3	7	3	4	32	21	6	76	4	149	4	0	7	6	4	1	6	3	5	12	6	6	5	3	3	5	21	7	3	4	3	2	3	5	3	4	8	2	1	6	29	1	83	4	0	4	5	4	20	3	2	2	0	0	5	4	1	31	8	1	5	2	5	2	6	2	8	2	1	4	30	2	2	4	5	1	2	5	19	4	2	1	4	2	4	1	46	8	2	2	24	0	6	18	43	2	0	3	27	8	22	3	0	12	5	0	3	4	35	4	0	1	263	3	0	0	5	2	2	3	1	3	7	4	2	3	0	32	2	8	0	8	1	15	
4	4	4	4	5	5	4	4	4	4	4	4	4	4	4	4	4	4	5	4	4	5	4	5	4	4	4	4	4	4	4	4	4	6	4	4	4	4	4	4	4	4	4	4	4	4	4	4	4	4	5	4	4	4	4	4	4	4	4	4	4	4	4	4	4	5	4	4	4	4	4	4	4	22	4	37	4	4	4	4	4	4	4	4	4	4	4	4	6	4	4	4	4	4	4	4	5	4	4	5	4	4	4	4	4	5	10	4	5	4	4	4	4	4	4	4	4	4	4	4	4	5	4	7	4	4	4	5	4	4	4	4	5	4	4	4	4	4	5	4	4	4	5	4	8	4	4	4	4	4	4	4	4	4	4	4	4	4	4	7	4	4	4	4	4	4	9	4	4	4	4	4	5	5	4	4	4	5	110	4	4	5	4	4	6	4	4	4	4	4	4	4	5	4	4	4	4	4	4	4	
2	3	4	6	2	2	7	43	1	6	0	6	2	5	4	4	4	5	2	1	1	36	3	4	1	4	7	4	3	3	2	6	4	6	8	6	4	1	5	3	3	6	2	2	3	1	2	8	3	2	4	1	4	56	2	2	17	3	2	1	2	3	7	1	24	4	3	19	4	4	39	38	6	86	4	160	3	1	6	6	3	1	6	3	6	19	6	6	7	3	3	8	19	6	2	4	3	3	3	5	2	4	13	3	5	6	34	1	95	4	0	5	6	4	37	3	3	4	0	0	6	4	1	31	8	2	5	2	5	2	5	2	9	2	1	4	29	2	2	5	5	1	2	4	18	9	2	1	3	2	3	1	56	8	2	2	37	0	6	16	59	2	1	6	41	8	23	2	0	12	5	0	3	8	48	4	0	1	268	3	2	0	5	2	3	3	1	3	6	4	2	3	4	32	3	6	1	10	1	14	
4	4	4	4	6	5	4	4	4	4	4	4	4	4	4	4	4	4	5	4	4	5	4	5	4	4	4	4	4	5	4	4	4	6	4	4	4	4	4	4	4	4	4	4	4	4	4	4	4	4	5	4	4	4	4	4	4	4	4	4	4	4	4	4	5	5	4	4	4	4	4	4	4	23	4	39	5	4	4	4	4	4	4	4	4	4	4	4	5	4	4	4	4	4	4	4	5	4	4	5	4	4	4	4	4	5	10	4	5	4	4	4	4	4	4	4	4	4	4	4	4	5	4	8	4	4	4	4	4	4	5	4	5	4	4	4	4	4	5	4	4	4	5	4	8	4	4	4	4	4	4	4	4	4	4	4	4	4	4	7	4	4	4	5	4	4	9	4	4	4	4	4	5	5	4	4	4	5	119	4	4	5	4	4	6	4	4	4	4	4	4	4	5	4	4	4	4	4	4	4	
2	4	6	7	5	6	7	54	1	5	1	6	2	5	4	3	4	5	3	1	1	44	4	4	2	5	11	4	3	3	2	4	6	5	7	6	4	1	5	10	3	5	2	2	3	1	2	8	3	2	6	1	4	72	5	2	32	3	2	2	2	3	6	1	36	4	3	30	4	4	51	51	6	98	6	171	3	2	6	5	2	1	6	3	6	43	6	6	10	3	2	15	17	6	3	4	4	3	3	5	1	4	23	3	8	6	42	1	110	4	0	4	6	3	51	3	5	4	0	1	5	4	1	29	7	1	5	2	4	2	6	2	12	2	1	4	27	2	2	5	5	1	2	4	18	14	2	1	3	1	3	1	78	8	2	2	43	4	6	18	67	3	1	17	58	8	32	2	0	12	6	0	3	17	62	4	2	1	276	3	5	1	5	2	5	3	1	3	5	3	2	2	11	29	3	6	1	9	0	12	
4	4	5	4	6	5	4	4	4	4	4	4	4	4	4	4	4	4	5	4	4	5	4	5	4	4	4	4	4	4	4	4	4	7	4	4	4	4	4	4	4	4	4	4	4	4	4	4	4	4	5	4	4	4	4	4	4	4	4	4	4	4	4	4	5	5	4	5	4	4	4	4	4	21	4	41	5	4	4	4	4	4	4	4	4	4	4	4	5	4	4	4	4	4	4	4	5	4	4	5	4	4	4	4	4	5	10	4	6	4	4	4	4	4	4	4	4	4	4	4	4	5	4	8	4	4	4	4	4	4	6	4	5	4	4	4	4	4	5	4	4	4	5	4	7	4	4	4	4	4	4	4	4	4	4	4	4	4	4	7	4	4	4	5	4	4	9	4	4	4	4	4	5	5	4	4	4	5	132	4	4	5	4	4	6	4	4	4	4	4	5	4	5	4	4	4	4	4	4	4	
3	4	6	7	6	13	9	63	1	5	2	8	2	6	4	2	4	5	4	2	1	54	7	4	2	5	19	8	3	3	2	4	11	6	6	5	3	1	8	14	3	5	2	2	3	1	2	8	4	2	7	1	4	90	7	2	44	3	2	2	2	3	6	1	51	4	2	40	4	2	59	65	7	112	10	187	2	6	6	5	2	1	6	5	5	48	6	6	16	3	3	18	16	6	2	4	6	4	3	7	1	3	37	3	9	7	50	1	126	3	1	4	6	4	59	3	7	7	0	2	5	4	1	29	6	2	5	3	4	2	6	2	21	2	1	7	28	5	3	5	5	1	2	4	23	28	2	1	3	1	2	1	86	8	3	2	50	5	6	17	76	3	2	26	66	7	44	3	1	11	7	8	3	25	71	4	6	5	271	3	10	2	4	2	9	3	1	3	6	3	2	2	22	28	3	4	1	9	1	12	
4	4	5	4	6	5	4	4	4	5	4	4	4	4	4	4	4	4	5	4	4	5	4	5	4	4	4	4	4	4	4	4	4	6	4	4	4	4	4	4	4	4	4	4	4	4	4	4	4	5	5	4	4	4	4	4	4	4	4	4	4	4	4	4	6	5	4	6	4	4	4	4	4	20	4	41	5	4	4	4	4	4	4	4	4	5	4	4	5	4	4	4	4	4	4	4	5	4	4	5	4	4	4	4	4	5	10	4	7	4	4	4	4	4	4	4	4	4	4	4	4	5	4	9	4	4	4	4	4	4	6	4	5	4	4	4	4	4	5	4	4	4	6	4	7	4	4	4	4	4	5	4	4	4	4	4	4	4	4	7	4	4	4	5	4	4	9	4	4	4	4	4	5	5	4	4	4	5	136	4	4	5	4	4	6	4	4	4	4	4	5	4	5	4	4	4	4	4	4	4	
8	4	5	6	17	16	10	70	4	5	4	12	3	7	4	2	6	5	9	2	2	56	8	3	2	6	27	10	3	3	2	4	17	6	6	5	3	3	14	18	3	5	2	2	2	1	2	8	4	5	8	1	4	98	8	2	60	3	1	2	1	4	5	1	71	5	2	61	3	2	67	78	7	125	18	199	4	10	7	5	2	1	7	10	5	57	6	6	26	2	3	31	16	5	1	4	8	5	6	7	1	3	43	3	16	7	63	3	142	3	2	4	6	4	69	3	23	12	0	6	5	4	1	30	7	2	5	5	4	2	6	5	39	3	1	9	29	7	5	4	5	1	5	3	26	44	4	1	3	1	2	1	88	6	2	2	64	10	7	18	89	3	3	44	80	7	49	4	2	11	14	19	4	29	90	4	19	8	273	3	14	6	4	2	15	2	1	3	6	3	2	2	35	27	3	4	1	8	2	10	
4	4	5	4	6	5	4	4	4	5	4	4	4	4	4	4	4	4	5	4	4	5	4	6	4	4	4	4	4	4	4	4	4	6	4	4	4	4	4	4	4	4	4	4	4	4	4	4	4	5	5	4	4	4	4	4	4	4	4	4	4	4	4	4	6	5	4	7	4	4	4	4	4	20	4	45	5	4	4	4	4	4	4	4	4	5	4	4	5	4	4	5	4	4	4	4	5	4	4	5	4	4	4	4	4	5	10	4	7	4	4	4	4	4	4	4	4	4	4	4	4	5	4	11	4	4	4	4	4	4	6	4	5	4	4	4	4	4	5	4	4	4	6	4	9	4	4	4	4	4	5	4	4	4	4	4	4	4	4	7	4	4	4	5	4	4	10	4	4	4	4	4	5	5	4	4	4	5	140	4	4	5	4	4	6	4	4	4	4	4	5	4	5	4	4	5	4	4	4	4	
18	5	5	5	23	29	14	72	6	6	13	18	3	13	3	2	8	8	11	3	3	63	8	3	2	6	44	12	3	2	2	4	22	6	7	5	3	3	20	22	3	5	2	2	2	1	2	7	3	6	14	2	4	109	11	3	77	2	1	2	1	3	5	2	97	6	2	76	3	2	78	89	7	147	31	203	4	12	9	4	3	1	7	17	5	74	7	6	36	2	5	37	15	5	1	3	13	5	11	11	2	3	54	3	22	7	75	2	159	3	3	4	6	4	80	3	34	21	1	12	5	3	1	32	6	2	5	7	3	2	5	8	53	3	1	15	33	16	8	4	5	1	6	3	30	54	4	2	3	1	2	2	93	6	5	2	73	14	8	18	105	3	3	58	89	7	61	4	2	10	16	26	6	41	101	4	29	10	280	3	25	14	3	2	18	2	2	4	7	3	2	2	47	24	3	4	1	8	5	10	
4	4	6	4	6	5	4	4	4	5	4	4	4	4	4	4	4	4	5	4	4	5	4	7	4	4	4	4	4	4	4	4	4	6	4	4	4	4	4	4	4	4	4	4	4	4	4	4	4	5	5	4	4	5	4	4	4	4	4	4	4	4	4	4	6	5	4	7	4	4	4	4	4	24	4	46	5	4	4	4	4	4	4	4	4	6	4	4	5	4	4	5	4	4	4	4	5	4	4	5	4	4	4	4	4	5	12	4	7	4	4	4	4	4	4	4	4	4	4	4	4	5	4	11	4	4	4	4	4	4	5	4	5	4	4	4	4	4	5	4	4	4	6	4	8	4	4	4	4	4	5	4	4	4	4	4	4	4	4	7	4	4	4	6	4	4	11	4	4	4	4	4	5	5	5	4	4	5	155	4	4	5	4	4	6	5	4	4	4	4	4	4	5	4	4	5	4	4	4	4	
21	6	5	4	34	36	16	80	8	4	21	20	6	22	3	2	25	10	16	3	5	69	13	3	2	8	56	17	3	2	2	4	24	7	7	4	3	4	26	30	3	5	2	2	2	6	3	6	3	7	18	2	3	127	16	4	100	2	1	4	1	3	5	2	121	6	2	84	3	4	90	103	7	156	44	202	8	17	14	4	2	2	7	29	3	76	6	6	44	2	5	44	15	4	1	5	25	5	13	12	2	3	65	4	28	9	85	3	171	2	4	4	6	4	85	3	41	33	4	18	5	8	0	36	8	2	5	6	3	3	6	12	65	5	2	26	36	33	15	4	7	1	7	3	46	69	4	3	6	5	2	2	105	6	6	2	86	21	9	16	113	5	3	79	97	7	72	6	7	10	27	40	9	56	110	5	40	17	275	2	30	22	3	2	23	3	4	5	7	3	3	2	63	24	3	4	2	8	4	10	
5	4	6	5	6	5	4	4	4	5	4	4	4	4	4	4	4	4	5	4	4	5	4	7	4	4	4	4	4	4	4	4	4	6	4	4	4	4	5	4	4	4	4	4	4	4	4	4	4	5	5	4	4	6	4	4	4	4	4	4	4	4	4	4	7	5	4	6	4	4	4	4	4	27	4	49	5	4	4	4	4	4	4	4	4	7	4	4	5	4	4	5	4	4	4	4	5	4	4	5	4	4	4	4	4	5	13	4	8	4	4	4	4	4	4	4	4	4	4	4	4	5	4	12	4	4	4	4	4	4	5	4	5	4	4	4	4	4	5	4	4	4	6	4	8	4	4	4	4	4	5	4	4	4	4	4	4	4	4	7	4	4	4	6	4	4	11	4	4	4	4	4	5	5	6	4	4	5	160	4	4	5	4	4	6	5	4	4	4	4	4	4	5	4	4	5	4	4	4	4	
25	6	4	4	40	45	19	84	14	4	30	30	9	27	3	2	43	24	25	3	7	74	19	4	2	8	71	22	3	3	3	6	34	6	6	4	3	5	25	38	3	5	2	3	2	6	3	5	4	15	25	3	3	135	23	4	115	3	1	4	2	3	5	9	134	8	2	102	4	4	103	113	7	179	51	211	9	22	16	4	3	3	7	34	3	82	7	6	55	2	5	58	14	4	1	6	32	5	22	21	3	4	72	5	36	10	92	3	187	2	7	4	6	3	91	5	52	45	6	29	5	12	0	42	15	3	5	6	3	3	8	14	79	6	3	35	46	39	19	6	5	1	11	3	59	73	4	4	10	10	2	2	115	6	10	2	99	28	17	15	121	8	4	86	104	7	80	6	15	10	32	51	11	60	118	4	57	28	280	2	32	31	3	2	33	5	5	5	8	5	3	2	80	23	7	4	3	8	6	10	
5	4	6	5	6	5	4	4	4	5	4	4	4	4	4	4	4	4	5	4	4	6	4	7	4	4	4	4	4	4	4	4	4	6	4	4	4	4	5	4	4	4	4	4	4	4	4	4	4	5	5	4	4	7	4	4	4	4	4	4	4	4	4	4	7	5	4	8	4	4	4	4	4	29	4	56	6	4	4	4	4	4	4	4	4	7	4	4	5	4	4	4	4	4	4	4	5	4	4	5	4	4	5	4	4	5	13	4	10	4	4	4	4	4	4	4	4	4	4	4	4	5	4	13	4	4	4	4	4	5	6	4	6	4	4	4	4	5	5	4	4	4	6	4	7	4	4	4	4	4	5	4	4	4	4	4	6	4	4	7	5	4	4	6	4	4	11	4	4	4	4	4	5	5	6	4	4	5	168	4	4	5	4	4	6	5	4	4	4	4	4	4	5	4	4	5	4	4	4	4	
34	4	4	4	52	49	26	103	16	4	38	36	13	32	3	2	60	37	38	4	8	71	30	10	3	14	88	32	5	3	3	7	35	7	5	4	3	7	31	47	2	5	3	5	5	8	4	5	4	23	29	9	8	137	31	4	127	4	2	7	2	4	4	17	152	9	2	115	5	11	113	125	7	185	71	213	14	27	22	4	5	6	7	46	3	88	7	6	60	2	5	71	14	3	0	6	48	5	38	24	6	5	79	6	41	11	105	15	198	2	16	4	7	3	99	6	58	65	15	37	5	17	0	49	23	3	5	9	4	3	12	14	98	10	3	48	50	53	26	7	5	1	13	3	67	90	8	6	15	20	4	6	129	6	12	2	116	43	19	21	132	9	5	100	108	7	93	6	20	10	39	61	17	70	123	4	72	38	268	2	40	37	4	3	45	6	7	6	11	11	8	2	96	23	13	8	6	8	6	11	
5	4	6	5	6	5	4	4	4	5	4	4	4	4	4	4	4	4	5	4	4	7	4	7	4	4	4	4	4	4	4	4	4	6	4	4	4	4	5	4	4	4	4	4	4	4	4	4	4	5	6	5	4	8	4	4	4	4	4	4	4	4	4	4	7	5	4	9	4	4	4	4	4	29	4	60	6	4	4	4	4	4	4	5	4	8	4	4	5	4	4	4	4	4	4	4	5	4	4	5	4	4	5	4	4	6	13	4	11	4	4	4	4	4	4	4	4	5	4	4	4	5	4	15	4	4	5	4	4	5	6	4	6	4	4	4	4	5	5	4	5	4	6	4	8	4	4	4	4	4	5	4	4	4	4	4	7	4	4	6	5	4	4	5	4	4	11	4	4	4	4	4	5	5	8	4	4	5	173	4	4	4	4	4	6	5	4	4	4	4	4	5	6	4	4	5	4	4	4	4	
43	11	5	5	63	57	33	112	24	5	51	48	18	38	4	5	75	50	63	10	8	67	40	19	3	19	98	45	8	3	4	9	38	9	5	4	4	7	33	49	2	5	3	5	9	15	7	5	7	37	37	11	9	143	36	4	142	10	5	9	1	5	4	23	166	11	2	127	6	13	130	139	7	203	90	233	23	38	25	4	6	6	6	67	3	94	6	6	74	2	12	81	17	3	0	11	57	5	48	33	13	5	86	7	44	10	120	30	202	2	28	4	9	3	98	9	67	79	27	48	4	25	0	52	34	6	5	13	6	5	12	17	118	13	6	59	65	72	38	9	6	1	20	3	93	96	14	7	20	30	5	14	140	7	16	2	128	54	23	27	136	14	14	112	117	7	114	6	23	10	52	69	27	79	132	2	89	54	273	2	52	54	6	4	57	13	10	8	12	13	17	2	105	24	22	10	8	7	13	9	
5	4	6	5	6	7	4	4	4	5	4	4	4	4	4	4	5	4	5	4	4	8	4	7	4	4	4	4	4	4	4	4	4	7	4	4	4	4	5	4	4	4	4	4	4	4	4	4	4	5	6	5	4	10	6	4	4	4	4	4	4	4	4	4	9	5	4	10	4	4	4	4	4	35	5	62	6	5	4	4	4	4	4	5	4	9	4	4	5	4	4	6	4	4	4	4	5	4	4	5	4	4	8	4	4	6	13	4	15	4	4	4	4	4	4	4	4	7	4	4	4	5	4	16	4	4	5	4	4	4	6	5	6	4	4	4	4	5	5	4	5	4	6	4	8	4	4	4	4	4	5	4	4	4	4	4	7	4	4	7	5	4	4	5	4	4	11	4	4	4	4	4	5	5	9	4	4	5	183	4	4	4	4	4	6	5	4	4	4	4	4	5	6	4	4	4	4	4	4	4	
46	18	5	5	68	62	43	122	37	7	67	57	25	44	4	8	97	58	75	11	13	69	59	29	4	26	116	59	9	7	5	10	53	12	5	4	4	11	38	51	2	4	3	8	11	20	8	5	14	43	37	18	11	161	46	8	148	16	10	14	1	7	5	30	169	14	2	143	11	22	138	153	7	218	115	249	28	49	38	4	7	8	5	87	3	96	11	7	93	2	15	89	19	3	0	16	71	5	59	47	25	5	97	8	46	10	132	38	206	2	36	4	12	3	108	10	78	91	47	46	4	36	0	64	41	8	5	19	12	6	17	21	133	18	15	74	76	85	51	11	7	1	25	3	117	101	23	11	29	49	9	30	152	7	25	2	136	67	33	33	155	21	19	128	136	6	125	6	38	9	61	84	31	85	138	4	102	65	278	2	51	55	18	7	77	26	13	13	19	21	23	4	120	27	24	14	13	10	22	10	
5	4	6	5	6	7	4	4	4	5	4	4	4	4	4	4	5	4	5	4	4	9	4	7	4	4	5	6	4	4	4	5	4	7	4	4	4	4	5	4	4	4	4	4	4	4	4	4	4	5	6	4	4	11	6	4	4	4	4	4	4	4	4	4	9	5	4	10	4	4	4	4	4	38	5	65	6	5	4	4	4	4	4	5	4	9	4	4	5	4	4	6	4	4	4	4	6	4	4	5	4	4	8	4	4	6	14	4	16	4	4	4	4	4	4	4	4	7	4	5	4	5	4	16	5	4	5	4	4	4	6	5	8	4	4	6	4	5	5	4	5	4	6	4	8	4	4	4	4	4	5	4	4	4	4	4	7	5	4	7	7	4	4	6	4	4	12	4	4	4	4	4	5	5	9	4	5	5	195	4	4	4	4	4	6	5	4	5	4	4	4	5	6	4	4	4	4	4	4	4	
49	25	9	7	76	67	51	129	42	7	82	75	33	55	7	11	117	63	92	16	24	78	68	41	8	31	113	64	11	12	7	10	56	19	5	5	3	16	42	60	2	3	6	14	12	27	8	4	19	54	41	29	19	173	55	8	155	31	19	16	1	9	7	39	178	22	2	168	11	32	142	163	8	221	125	255	36	59	49	4	11	12	5	110	2	100	12	9	104	2	18	98	26	3	0	19	80	5	72	56	33	5	109	17	52	11	147	57	204	2	45	6	14	2	122	10	84	102	60	51	7	49	1	64	51	10	5	22	16	11	29	24	143	26	19	85	92	101	65	13	9	1	28	4	136	112	28	16	39	64	14	31	165	8	32	3	148	75	33	33	173	34	28	142	154	6	143	11	51	8	64	98	50	94	148	4	110	87	276	5	55	66	35	11	85	43	16	26	24	27	32	6	130	34	32	17	18	13	31	10	
5	4	6	5	7	8	4	4	4	5	4	4	4	4	4	4	7	4	5	4	4	10	4	7	4	4	6	6	4	4	4	5	4	7	4	4	4	4	5	4	4	4	4	4	4	4	4	4	4	5	6	4	4	12	6	4	4	4	4	4	4	4	4	4	11	5	4	12	4	4	4	4	4	48	5	75	6	5	4	4	4	4	4	5	4	10	4	4	6	4	4	5	4	4	4	4	6	4	4	5	4	4	9	4	4	6	15	4	20	4	4	4	4	4	4	4	4	7	4	5	4	5	4	17	5	4	5	4	4	4	6	5	9	4	4	6	4	5	5	4	5	4	6	4	8	4	5	4	4	4	5	4	4	4	4	4	8	5	4	8	7	4	4	8	4	4	12	5	4	4	4	4	5	5	9	4	5	7	204	4	4	4	4	4	6	5	4	5	4	4	4	5	7	4	4	4	4	4	4	4	
48	32	9	9	84	69	56	139	43	13	99	72	42	70	10	12	126	64	107	23	27	83	78	54	13	42	119	75	11	18	8	17	60	28	4	6	3	18	44	62	2	3	14	19	18	41	11	4	28	68	44	49	25	182	58	11	176	38	27	23	9	14	9	52	190	32	5	171	17	43	152	177	10	224	133	252	44	74	68	5	19	23	5	124	2	110	16	9	126	3	22	106	31	3	1	27	88	6	80	69	38	6	115	23	50	15	159	70	211	2	52	11	22	2	121	13	96	106	74	61	12	63	3	72	62	11	5	28	16	19	38	25	154	30	23	98	109	102	75	19	12	3	31	5	153	115	34	21	41	84	18	45	165	8	50	3	157	84	40	39	173	48	37	159	162	9	153	17	69	8	78	100	65	97	168	4	125	97	283	7	59	80	44	17	107	53	25	34	27	39	38	6	140	41	42	19	29	17	40	14	
5	4	5	5	7	8	6	4	4	5	4	4	4	4	4	4	7	4	5	4	4	11	5	7	4	4	6	6	5	4	4	5	4	7	4	4	4	4	5	4	4	4	4	4	4	4	4	4	4	5	6	4	4	16	7	4	4	4	4	4	4	4	4	4	13	5	4	13	4	4	4	4	4	48	6	77	6	6	6	4	4	4	4	5	4	10	4	4	8	4	4	7	4	4	4	4	6	4	4	5	4	4	10	4	4	6	17	4	22	4	4	4	4	4	4	4	4	7	4	6	4	5	4	18	5	4	5	4	4	4	7	6	13	4	4	8	4	8	5	4	5	4	6	4	8	4	5	4	4	4	5	4	4	4	4	4	9	7	4	8	9	4	4	9	4	4	13	5	4	4	4	4	5	5	9	4	5	7	212	4	4	4	4	4	6	5	4	5	4	4	5	5	7	4	4	4	4	4	4	4	
54	50	10	12	85	77	64	149	50	20	117	81	46	83	12	15	134	71	116	27	38	86	91	63	22	55	128	89	15	26	13	17	65	37	4	11	3	29	53	63	6	5	19	27	25	48	14	5	38	81	44	68	29	199	71	14	196	52	41	33	18	16	13	67	203	45	13	175	22	64	170	187	10	243	140	264	45	84	87	6	21	33	7	152	2	112	23	13	144	3	32	116	39	5	2	39	89	8	87	74	49	7	124	32	54	18	169	85	230	3	58	19	30	5	129	16	103	120	88	62	14	67	4	79	73	11	6	35	17	36	54	30	163	38	28	104	118	114	84	24	18	4	35	6	172	121	43	25	42	97	24	48	174	17	60	5	160	97	42	44	187	68	44	171	171	13	159	29	81	13	88	107	81	109	178	7	136	109	289	9	63	83	51	21	116	63	33	53	40	49	45	9	144	48	54	30	36	22	52	14	
6	4	5	5	6	9	7	4	4	5	5	4	4	4	4	4	7	4	6	4	4	13	6	8	4	4	7	5	5	4	4	6	4	7	4	4	4	4	5	4	4	4	4	4	4	5	4	4	4	5	5	5	4	20	8	4	4	4	4	4	4	4	4	4	18	5	4	15	4	4	4	4	4	47	7	81	5	6	7	4	4	4	4	6	5	11	4	4	9	4	4	10	4	4	4	4	7	4	4	6	4	4	11	4	4	6	19	4	26	4	4	4	4	4	4	4	4	8	4	6	4	5	4	18	5	4	5	4	4	4	8	7	16	4	4	8	4	9	5	4	5	4	6	4	8	4	5	4	4	4	6	4	4	4	4	4	11	8	4	8	16	4	4	9	4	4	15	5	4	4	5	4	5	5	12	4	6	7	209	4	4	4	4	4	7	5	4	5	4	4	5	5	8	4	4	4	4	4	4	4	
57	66	17	15	86	88	79	159	59	30	142	89	51	91	17	24	153	78	137	36	50	87	102	69	32	69	135	95	19	40	19	22	70	46	13	15	5	45	58	62	9	5	22	38	35	63	22	7	50	95	47	86	37	211	82	21	216	74	51	46	23	22	19	80	207	57	17	190	33	74	172	197	12	253	155	277	59	100	96	6	30	48	6	162	2	121	26	15	153	3	46	122	45	9	4	50	87	10	90	80	59	8	134	37	55	25	173	91	243	5	70	28	44	5	135	22	114	124	95	57	19	78	12	84	89	16	7	40	25	42	67	33	172	47	36	121	138	122	92	34	26	4	37	8	194	134	52	28	43	108	38	52	182	22	69	10	164	100	48	47	196	89	49	174	188	18	171	37	99	16	99	114	95	120	192	11	140	130	295	17	61	88	68	26	128	74	40	73	48	59	51	19	155	61	67	34	42	27	64	14	
6	5	5	5	7	9	7	4	4	5	6	4	4	4	4	4	7	4	8	4	4	14	7	8	4	4	11	5	5	4	4	8	4	7	4	4	4	4	7	4	4	4	4	4	4	5	4	4	4	6	5	6	4	22	8	4	4	4	5	4	4	4	4	4	21	5	4	16	4	4	4	4	4	53	8	88	5	6	8	4	4	4	4	6	5	12	4	4	11	4	4	11	4	4	4	4	6	4	4	8	4	4	11	4	4	6	20	4	29	4	4	4	4	4	4	4	4	10	4	6	4	5	4	20	5	4	5	4	4	4	9	7	16	4	4	9	4	12	7	4	5	4	6	4	11	4	5	4	4	4	6	5	4	4	4	4	13	8	4	8	19	4	4	11	4	5	17	5	4	4	6	4	5	5	17	4	6	8	209	4	4	5	4	4	7	5	4	5	4	4	5	6	9	4	4	4	4	4	4	4	
59	75	24	18	92	95	100	175	65	41	153	95	56	100	19	30	168	91	156	44	61	86	113	77	40	82	142	101	22	52	23	22	78	53	21	25	8	51	63	62	14	8	32	40	34	74	27	8	66	110	50	96	49	222	85	23	227	88	63	63	37	33	21	97	215	72	28	199	45	85	179	211	16	267	165	282	68	112	113	6	35	65	10	172	4	122	34	17	171	6	55	128	51	11	9	67	95	13	101	81	67	13	146	45	63	22	181	101	259	9	79	36	54	7	136	26	115	132	102	67	26	91	15	93	95	23	8	41	29	50	71	39	178	56	39	137	146	133	102	49	32	5	47	11	204	137	52	27	45	123	45	62	194	36	83	13	177	106	48	50	213	106	56	182	195	28	177	52	110	20	104	112	101	128	205	14	146	141	293	21	65	93	83	33	136	94	48	76	59	66	55	21	161	75	73	46	56	29	77	20	
6	5	5	5	10	10	7	4	4	5	6	4	4	4	4	4	7	4	9	4	4	16	8	9	4	4	12	5	5	5	4	8	4	7	4	4	4	4	7	4	4	4	4	4	4	6	4	4	4	9	4	6	4	23	8	4	4	4	5	4	4	4	4	4	22	6	4	15	5	4	4	4	4	63	9	92	6	6	9	4	4	4	4	7	5	16	4	4	12	4	4	12	4	4	4	5	7	4	4	8	4	4	14	5	4	6	25	5	32	4	4	4	5	4	4	4	4	10	4	8	4	6	4	19	6	4	5	4	4	4	9	7	17	4	4	10	4	14	8	4	5	4	7	4	13	4	5	4	4	4	6	5	4	4	4	4	15	8	4	9	23	4	4	17	4	5	19	6	4	4	5	4	5	7	21	4	8	8	209	4	4	7	5	4	8	5	4	5	4	4	5	6	10	4	4	4	4	4	4	4	
66	86	29	23	90	95	117	186	66	52	161	101	57	111	21	46	180	93	165	52	67	96	125	78	48	97	146	118	32	60	28	23	81	67	31	33	14	62	70	63	15	13	37	43	40	84	34	11	75	113	54	111	60	234	93	30	244	101	81	84	63	45	24	105	226	88	32	209	56	94	183	220	18	273	169	301	70	126	126	10	41	75	16	179	5	132	42	22	184	10	66	141	56	14	14	74	99	20	107	77	77	21	157	59	61	29	192	105	270	11	84	40	68	12	143	28	128	153	111	73	26	102	21	103	102	27	12	50	32	66	83	44	188	62	50	147	160	147	109	75	31	11	50	16	212	148	56	30	45	125	64	69	203	49	87	17	181	112	52	56	219	121	59	201	201	37	189	59	130	22	112	113	121	135	208	19	159	156	287	33	74	107	103	40	152	111	54	80	63	72	61	26	169	81	76	53	67	42	93	23	
6	5	5	5	10	11	8	4	4	5	6	4	4	4	4	4	8	4	10	4	4	17	8	10	4	4	12	7	5	5	4	8	5	7	4	4	4	5	8	4	4	4	4	4	4	6	4	4	5	9	4	7	4	31	9	4	4	4	5	4	4	4	4	4	26	7	4	16	5	4	4	4	4	76	10	97	6	6	10	4	4	4	4	9	5	20	4	4	13	4	4	12	4	4	4	5	7	4	4	8	4	4	18	6	4	6	26	7	39	4	4	4	5	4	4	4	4	10	4	9	4	6	4	20	7	4	5	4	4	6	12	7	17	4	5	12	4	15	8	5	5	4	7	4	17	4	5	4	4	4	7	5	4	5	4	4	17	8	4	10	30	4	4	18	4	6	20	7	4	4	7	4	5	7	25	4	11	10	216	4	4	10	6	4	8	5	4	5	4	4	5	6	11	4	5	4	4	4	4	4	
73	100	34	29	93	97	124	181	84	63	165	110	64	123	26	59	185	98	178	62	79	104	135	84	53	105	162	119	40	71	36	24	87	75	48	45	16	76	75	69	21	17	47	43	45	92	40	13	80	129	53	121	62	243	97	36	262	118	91	101	80	53	26	118	239	100	42	217	63	108	189	235	21	287	180	302	76	130	131	14	48	87	24	184	6	131	51	26	195	14	83	150	65	23	23	96	100	29	118	85	88	23	160	72	64	32	202	120	269	22	88	50	76	17	148	32	137	161	126	73	30	110	25	101	110	32	17	60	40	80	94	49	200	72	54	162	157	158	120	96	32	11	49	24	211	156	56	36	49	138	88	72	217	70	106	21	188	123	55	55	231	138	66	214	202	46	189	69	145	31	124	129	130	145	214	21	170	162	279	45	82	112	112	43	165	118	60	95	74	78	63	33	182	96	85	59	78	50	109	29	
7	7	5	5	12	12	9	4	4	6	9	4	4	4	4	4	10	4	12	4	4	20	9	10	4	4	13	8	5	5	4	8	5	7	4	4	4	5	10	4	4	4	4	4	4	6	4	4	5	8	4	7	4	35	9	4	4	4	6	5	4	4	4	4	31	5	4	17	5	4	4	4	4	79	12	101	8	8	10	4	4	4	4	12	5	23	4	4	17	4	4	14	4	4	4	5	10	4	4	9	4	4	22	6	4	6	27	8	47	4	4	4	5	5	4	4	4	13	4	8	4	6	4	24	7	4	5	4	5	6	12	6	20	4	5	15	4	18	9	5	6	4	7	4	19	4	5	4	4	4	7	6	4	5	4	4	20	9	4	9	32	4	4	23	4	6	22	7	6	4	11	4	5	8	28	4	13	11	221	4	4	12	7	4	10	6	4	5	4	4	5	6	12	4	5	5	4	4	4	4	
79	110	39	43	97	99	142	186	91	75	174	113	70	136	36	70	197	98	182	74	89	110	142	91	70	119	178	121	46	78	42	26	90	77	66	56	27	83	69	75	26	24	56	47	51	107	50	16	88	132	54	136	74	242	105	43	280	123	105	116	100	61	28	128	250	107	47	224	76	120	194	239	35	296	185	299	82	142	156	17	54	105	27	200	11	127	57	28	205	17	96	160	72	26	36	103	105	36	119	89	91	28	176	80	67	38	205	128	271	28	96	69	80	24	152	32	143	165	148	75	36	123	28	107	114	38	28	59	49	91	104	48	207	83	64	161	166	171	130	104	30	14	51	28	219	162	59	41	54	150	91	74	216	89	108	33	197	134	60	63	246	144	77	226	210	57	195	71	164	41	137	133	133	153	220	25	179	182	276	45	86	117	128	41	177	124	63	104	79	86	72	37	193	112	89	69	86	61	120	28	
7	7	5	5	11	15	9	4	6	8	11	4	4	4	4	4	14	4	14	5	4	19	10	9	4	4	15	8	7	5	4	7	5	7	4	4	4	5	10	4	4	4	4	4	4	7	5	4	5	8	5	7	4	43	11	4	4	4	6	5	4	4	4	5	39	6	4	17	5	4	4	4	4	77	15	110	8	8	11	4	4	4	4	16	5	26	4	4	21	4	4	17	4	4	4	5	11	4	4	11	4	4	24	6	4	7	31	9	52	4	4	4	7	5	4	4	4	14	4	10	4	8	4	24	9	4	4	4	6	8	12	6	24	4	5	19	4	19	9	7	6	4	8	4	22	4	5	4	4	4	7	6	4	5	4	4	23	9	4	10	32	4	4	25	4	7	27	7	7	4	12	4	5	10	33	4	16	13	227	4	4	14	7	4	12	7	4	5	4	4	6	6	15	4	5	5	4	4	5	4	
80	110	46	59	102	108	153	194	98	82	186	114	70	147	40	82	211	108	187	89	98	109	142	102	77	124	188	137	55	88	51	31	88	81	80	70	31	88	66	74	29	33	63	52	55	115	62	20	97	146	61	142	82	250	115	50	293	126	123	135	105	65	29	130	264	118	58	237	93	130	199	247	41	294	192	297	92	148	176	30	50	117	31	211	15	133	58	38	221	22	107	164	72	31	47	108	110	41	116	89	101	34	180	97	65	43	203	145	283	37	99	90	83	32	164	34	147	174	165	76	39	131	29	106	124	40	40	65	51	102	121	48	214	80	72	181	176	176	141	118	29	18	57	36	240	173	65	44	54	169	104	79	225	103	116	41	216	142	58	67	263	158	80	232	224	73	201	89	181	50	147	143	142	172	239	35	189	189	270	65	87	121	137	44	195	141	68	111	90	85	71	44	204	132	95	68	100	68	128	33	
11	8	6	5	12	17	10	4	6	8	13	4	4	4	4	4	17	4	16	6	4	19	13	9	5	4	18	10	8	5	4	7	6	9	4	4	4	5	11	4	4	4	4	4	4	7	5	4	5	11	5	8	4	49	13	4	4	4	8	5	4	4	4	6	43	8	5	22	5	4	4	4	4	83	22	111	8	9	13	4	4	4	5	18	5	28	4	4	21	4	4	19	4	4	4	5	14	4	4	12	5	4	27	6	4	7	33	11	55	4	4	4	7	5	4	4	4	14	4	10	4	8	4	26	10	4	4	5	6	10	14	6	26	4	8	20	4	21	9	7	6	4	8	5	26	4	6	4	4	4	7	6	4	5	4	4	27	11	4	10	37	4	4	27	4	8	27	8	9	4	15	4	8	11	39	4	15	15	232	4	4	13	9	4	17	9	4	6	4	4	6	6	20	4	7	6	4	5	5	4	
83	112	54	81	105	114	157	202	101	91	188	112	74	153	44	89	230	111	195	99	108	107	138	106	81	132	197	142	62	104	56	35	88	86	82	78	33	90	71	74	35	40	69	55	59	125	73	26	109	148	66	161	97	261	123	53	282	142	130	142	116	70	37	150	273	125	64	245	95	142	199	260	47	315	212	310	91	149	186	43	53	136	42	226	17	139	61	43	226	30	114	175	77	43	67	110	119	50	126	89	116	37	178	100	70	46	210	154	286	45	103	109	87	40	172	36	151	175	184	77	43	134	37	104	135	45	53	70	55	113	130	48	217	80	75	184	188	187	151	137	31	27	62	41	255	177	70	52	53	170	118	91	230	119	121	51	224	150	65	68	269	173	89	247	222	86	203	95	195	66	144	151	154	176	247	35	216	210	275	78	94	141	144	46	208	150	73	125	101	93	78	49	206	148	98	72	121	80	148	36	
12	8	6	5	15	17	13	4	7	9	17	4	4	4	4	4	21	4	19	7	4	21	17	11	5	4	22	10	8	5	4	7	8	10	4	4	5	6	10	4	4	4	4	5	4	7	6	4	5	12	6	10	4	50	13	4	4	4	9	8	4	4	4	7	46	11	5	23	5	4	4	4	4	88	26	117	9	11	14	4	5	4	5	19	5	30	4	4	25	4	4	19	4	4	5	5	16	4	4	12	6	4	28	6	4	7	33	13	62	5	4	4	7	5	4	4	4	17	4	12	4	8	4	24	12	4	4	5	7	11	14	7	27	4	10	24	4	27	11	7	6	4	10	5	28	4	6	4	4	4	8	8	4	7	4	4	32	15	4	12	37	4	4	31	4	10	30	8	10	4	16	4	10	12	40	4	18	18	247	4	4	14	10	4	20	11	4	6	4	4	7	5	24	4	9	7	4	7	6	4	
85	116	66	90	119	119	166	216	104	98	200	118	70	161	47	95	245	110	200	104	118	104	151	113	89	141	199	156	68	111	54	41	91	93	97	99	42	101	75	74	37	40	75	57	61	134	83	33	113	156	69	172	100	271	121	59	297	153	138	150	132	72	40	154	286	137	69	249	106	147	206	275	52	319	227	318	92	164	204	52	59	150	47	243	27	145	61	49	233	35	126	185	83	49	85	122	121	55	129	88	128	41	176	115	71	60	211	157	291	51	108	120	91	52	178	34	151	187	197	79	52	142	41	109	144	50	71	76	61	130	141	49	235	88	87	189	194	199	161	151	34	33	69	46	265	183	75	55	55	169	132	103	251	135	131	62	235	157	73	71	268	187	89	260	229	99	212	91	198	75	148	161	170	179	256	40	215	215	284	80	102	145	168	55	219	160	74	137	109	93	79	53	206	155	103	81	138	89	148	39	
15	9	7	7	16	22	14	4	9	10	22	4	4	4	4	4	24	4	19	8	4	23	18	14	5	4	25	13	8	7	4	7	8	11	4	4	5	7	10	4	4	4	4	5	4	8	7	4	5	14	6	11	4	57	14	4	4	4	10	10	4	4	4	11	48	12	5	21	5	4	4	4	4	90	29	123	9	12	15	4	6	4	5	25	5	32	4	4	30	4	4	21	4	4	5	5	17	4	4	12	9	4	33	6	4	8	36	13	65	5	4	4	7	5	4	4	4	25	4	12	4	9	4	25	12	4	4	6	7	13	18	8	33	4	10	26	4	29	13	7	7	5	12	5	34	4	7	4	4	4	7	8	4	8	4	4	31	16	4	13	40	4	4	31	4	10	32	8	11	4	17	4	14	13	42	4	23	23	246	4	4	17	12	4	21	11	4	7	4	5	8	6	31	4	10	10	4	8	6	4	
89	134	73	111	122	128	178	217	117	103	204	121	73	174	54	99	254	113	202	113	133	104	167	119	96	146	213	153	74	119	58	47	92	100	108	116	45	108	78	75	41	38	85	63	63	159	86	35	130	159	69	185	114	267	130	74	308	160	146	158	153	81	45	157	294	149	75	268	116	158	210	286	65	334	239	325	100	170	226	61	67	167	55	252	36	144	58	49	244	46	142	198	86	52	100	129	129	59	135	92	142	43	184	123	79	72	218	171	291	57	112	137	111	65	191	36	155	208	193	83	47	151	44	118	152	51	82	80	63	135	150	55	251	95	90	202	201	201	182	161	38	33	66	53	275	180	83	59	59	170	151	107	260	147	144	68	245	171	80	74	284	200	96	284	223	117	219	93	209	89	148	166	175	178	269	39	224	227	288	85	105	155	177	58	228	174	84	140	110	103	84	55	207	166	107	85	142	91	149	43	
15	11	8	7	17	24	16	4	10	11	26	4	4	4	4	4	30	4	21	8	4	24	19	14	6	4	32	14	8	7	4	8	9	11	4	4	5	8	10	4	5	4	4	5	4	9	8	4	8	15	6	14	4	59	15	4	4	4	12	11	4	4	4	13	53	13	7	28	5	4	4	4	4	102	30	118	9	13	16	4	7	4	5	30	5	32	4	4	32	4	4	25	4	4	5	7	16	4	4	12	10	4	34	8	4	8	41	18	70	5	4	4	8	5	4	4	4	26	4	12	4	11	4	27	13	4	4	8	8	15	20	7	40	4	10	27	4	32	15	10	7	5	13	5	42	4	8	4	4	4	9	9	4	9	4	4	32	17	4	16	46	4	4	33	4	10	35	8	14	4	19	4	16	15	42	4	32	25	251	4	4	17	16	4	22	12	4	9	4	5	10	6	35	4	12	10	4	10	6	4	
91	143	80	129	128	138	183	222	117	113	218	125	79	179	57	111	265	115	202	116	142	109	175	131	105	152	225	157	78	131	65	49	98	108	127	129	51	114	83	72	42	40	87	63	67	170	89	37	132	173	79	190	125	273	139	78	322	169	147	173	174	90	47	166	304	160	78	265	123	182	213	295	75	339	260	325	102	175	227	71	70	177	57	266	46	154	64	52	253	59	147	200	89	63	120	128	129	65	138	99	150	50	183	130	81	77	225	188	289	63	119	154	116	68	199	43	166	211	206	80	48	158	44	116	162	56	101	84	71	150	152	58	259	99	94	214	210	217	186	171	39	37	67	52	287	189	81	60	60	172	160	110	249	153	161	78	251	186	81	80	284	213	95	293	229	128	226	100	225	94	155	173	183	189	281	40	239	225	285	91	107	162	187	62	235	179	88	154	117	104	93	54	214	169	115	90	156	97	161	48	
15	12	9	8	16	25	19	4	11	11	30	4	4	4	4	4	38	4	21	9	4	26	21	15	8	4	35	16	7	9	4	8	11	11	4	4	5	9	10	4	5	4	4	5	4	10	8	4	9	16	7	16	4	66	18	4	4	4	15	13	4	4	4	15	55	14	8	35	8	4	4	4	4	104	34	124	9	16	21	4	7	4	5	32	5	35	4	4	36	4	4	28	4	4	6	10	18	4	4	13	9	4	34	8	4	10	44	25	83	6	4	4	8	6	4	4	4	34	4	14	4	14	4	32	14	4	4	10	8	16	24	8	47	4	11	32	4	34	15	12	7	5	12	6	54	4	8	4	4	4	9	10	4	11	4	4	37	20	4	20	52	4	4	37	4	11	42	9	16	4	25	4	19	17	43	4	36	29	252	4	4	19	15	4	26	12	4	13	4	6	11	6	40	4	13	10	4	11	8	4	
99	148	86	147	130	143	198	231	125	120	219	127	82	185	65	117	266	115	213	124	137	112	185	131	113	158	231	167	84	137	67	53	102	113	148	140	52	125	86	77	46	41	96	70	68	183	97	39	134	188	83	196	133	284	146	80	346	174	165	181	188	96	48	176	309	164	85	268	135	193	218	307	84	344	267	326	109	190	231	86	74	185	58	276	58	156	63	59	256	68	164	219	96	68	128	143	134	69	140	100	151	51	194	135	92	83	232	203	298	75	134	162	118	79	207	46	173	222	215	85	49	158	47	119	166	64	114	86	72	156	158	55	267	115	95	214	206	230	192	181	45	40	68	56	293	193	95	62	72	176	168	132	260	169	169	93	254	190	86	82	298	223	100	313	250	151	237	107	233	99	167	173	195	189	295	42	235	227	293	102	111	170	188	67	235	178	95	165	128	106	95	59	215	173	122	95	158	100	167	46	
15	13	9	10	18	27	21	4	11	13	35	4	4	4	4	4	42	4	22	11	4	28	24	16	8	4	38	17	7	9	4	10	13	13	4	4	5	10	13	4	5	4	4	5	4	16	8	4	9	17	10	18	4	73	19	5	4	4	18	15	4	4	4	19	57	17	8	42	7	4	4	4	4	108	40	130	13	19	22	4	8	4	5	34	5	36	4	4	39	4	4	32	4	4	6	14	20	4	4	16	11	4	38	10	4	9	47	30	87	7	4	4	8	7	4	5	4	36	4	16	4	18	4	35	15	4	6	11	10	16	26	8	51	4	12	36	4	41	18	12	7	6	14	6	63	4	8	4	4	4	12	10	4	13	4	4	50	24	4	22	59	4	4	46	4	12	48	10	18	4	27	4	22	19	49	4	38	30	256	4	4	20	20	4	33	17	4	13	4	7	12	6	43	4	15	9	4	13	10	4	
109	151	92	162	144	143	211	233	129	127	221	134	91	195	67	127	276	119	222	125	139	116	190	129	116	172	226	178	91	139	73	57	111	118	166	147	53	137	89	80	49	50	105	70	70	190	101	40	139	195	94	204	144	290	160	85	355	186	179	186	203	101	57	186	314	175	92	271	142	201	208	317	86	351	264	343	112	198	234	103	75	204	61	280	67	167	69	63	260	80	188	220	104	68	142	152	139	75	147	105	158	53	202	140	92	86	237	209	301	79	144	178	126	99	213	49	178	238	228	86	49	164	53	124	173	68	125	88	81	172	164	57	275	114	106	215	212	241	203	188	47	46	73	56	302	187	97	70	78	182	175	138	272	183	186	95	249	204	93	85	288	236	107	328	256	167	251	120	242	112	170	187	204	196	305	45	242	246	294	106	110	173	202	78	239	184	98	178	133	118	97	63	229	188	122	99	164	95	179	50	
14	16	10	12	22	30	22	4	13	14	39	4	4	4	4	4	47	4	31	11	4	33	27	16	8	4	42	23	7	9	4	9	16	14	4	4	5	13	12	4	5	4	4	7	4	16	8	4	11	23	11	23	4	81	20	5	4	4	21	16	4	4	4	20	62	18	8	49	8	4	4	4	5	120	47	136	13	23	25	4	9	4	5	41	5	36	4	4	43	4	4	36	4	4	6	16	25	4	4	17	13	4	36	14	4	9	52	37	92	7	4	4	10	8	4	6	4	37	4	17	4	20	4	38	16	4	8	11	10	17	27	8	57	4	14	41	4	43	22	14	8	6	16	6	70	4	9	4	4	4	15	10	4	16	4	4	58	26	4	21	62	4	4	52	4	13	57	12	20	4	31	4	24	20	53	4	42	31	257	4	4	18	25	4	35	18	4	16	4	9	14	6	49	4	17	10	4	15	14	4	
114	153	92	187	147	142	224	241	139	138	225	135	89	196	70	138	272	126	245	129	147	114	190	136	120	193	232	179	101	152	87	59	117	126	175	154	58	147	96	90	57	54	120	79	76	196	100	45	152	212	96	206	150	303	157	89	372	189	183	189	212	104	63	197	317	190	97	279	159	211	208	314	93	352	265	348	120	206	249	117	81	221	65	285	71	174	74	71	274	94	191	227	111	75	156	160	149	80	151	111	164	59	204	147	95	88	241	207	295	87	150	194	136	116	217	51	194	248	237	94	54	176	57	121	173	68	126	88	85	183	171	61	283	120	106	225	214	236	210	201	52	50	86	62	324	191	99	78	82	187	186	142	276	187	197	106	247	206	101	83	298	245	112	337	272	176	262	123	258	112	174	193	215	205	312	47	252	254	300	114	116	179	208	79	239	196	108	192	131	120	98	66	240	189	128	105	166	97	191	55	
14	19	10	15	23	33	28	4	12	15	42	4	4	4	4	4	51	4	36	11	4	34	29	19	9	4	43	26	8	10	4	10	14	15	4	4	6	16	14	4	7	4	4	7	4	19	10	4	17	30	14	27	4	86	24	5	4	4	23	19	4	4	4	21	71	23	8	56	10	4	4	4	5	128	48	143	14	25	33	4	9	4	5	46	7	37	4	4	43	4	4	43	4	4	7	18	28	4	4	19	13	4	41	15	4	10	56	38	100	8	4	4	12	8	4	6	4	43	4	18	4	20	4	39	21	4	8	10	10	24	28	8	55	4	14	44	4	43	23	19	8	7	16	6	74	4	10	4	4	4	17	13	4	18	4	4	59	27	4	21	67	4	4	60	4	15	63	13	25	4	35	4	30	21	56	4	51	35	259	4	4	20	25	4	39	19	4	19	4	9	13	5	54	4	19	11	4	13	17	4	
115	162	96	195	146	153	233	249	150	138	230	141	92	210	73	140	283	136	242	135	162	111	209	149	129	205	238	184	108	157	91	61	129	128	193	161	68	156	102	97	67	60	124	81	81	202	109	53	163	226	97	230	156	317	159	100	372	204	190	208	217	110	63	207	327	200	99	289	167	217	209	315	99	366	271	343	122	212	263	128	82	222	70	299	79	175	78	71	289	95	197	236	118	76	151	172	153	85	155	119	176	61	205	160	88	88	252	212	292	88	153	205	143	127	222	48	198	244	234	103	59	185	62	131	187	70	134	94	92	195	177	64	291	124	106	236	213	240	216	220	55	58	85	62	332	198	105	82	84	193	195	146	285	203	221	115	256	209	114	87	295	253	114	341	287	182	280	128	264	125	171	210	224	204	320	55	264	258	303	119	117	182	216	73	242	208	118	201	138	127	107	74	248	201	131	118	177	107	199	56	
15	25	11	17	24	34	33	4	14	17	46	4	4	4	4	4	59	4	39	13	4	36	32	21	10	4	49	27	10	11	4	11	16	16	4	4	6	16	18	4	9	4	4	8	4	22	10	4	18	34	16	28	4	93	24	6	4	4	29	20	4	4	4	26	80	27	9	62	13	4	4	4	6	131	50	147	19	28	40	4	10	4	7	50	8	36	4	4	47	4	4	50	4	4	7	22	31	4	4	20	19	4	45	20	4	10	57	40	109	9	4	4	13	10	4	6	4	50	4	18	4	24	4	41	24	5	9	11	10	23	32	9	61	4	15	43	4	49	28	20	8	9	17	7	78	4	11	4	4	4	20	16	4	18	4	4	63	29	4	23	74	4	4	68	4	17	66	13	29	4	39	4	42	25	60	4	57	40	263	4	4	24	26	4	43	21	4	22	4	10	14	5	58	4	19	12	4	14	19	4	
122	157	100	210	155	157	231	254	153	149	243	156	95	225	74	140	291	140	262	140	177	108	224	151	135	217	247	194	115	167	88	62	130	134	204	175	75	148	105	110	71	63	129	83	83	202	121	57	167	240	99	239	155	317	173	101	374	221	201	221	232	110	64	218	323	213	107	299	176	224	216	321	105	374	280	342	117	218	266	144	84	236	73	311	88	192	87	73	294	106	205	242	130	80	160	170	158	93	164	129	184	64	207	174	95	89	260	222	293	92	159	217	153	142	236	49	201	246	251	107	57	181	74	130	192	76	141	97	92	206	182	65	313	122	109	246	226	254	222	232	58	64	93	66	334	198	111	86	85	198	192	152	291	221	227	121	258	207	125	87	302	269	118	340	289	185	293	130	277	127	181	222	234	206	330	52	264	268	300	127	121	184	225	75	246	222	116	217	146	137	117	87	255	224	140	116	188	116	210	58	
16	24	11	16	28	34	35	4	14	19	50	4	4	4	4	4	62	4	40	16	4	37	37	22	13	4	51	29	11	14	4	11	21	17	4	4	6	17	18	4	10	4	4	8	4	24	14	4	18	36	16	32	4	100	25	7	4	4	32	25	4	4	4	29	87	29	10	66	17	4	4	4	9	135	55	157	19	30	44	4	10	4	7	55	9	36	4	4	50	4	4	52	4	4	10	22	32	4	4	20	22	4	48	21	4	10	61	44	118	10	4	4	16	11	4	6	4	53	4	21	4	29	4	43	27	7	8	13	12	26	32	9	63	4	14	50	4	51	33	22	8	9	17	7	79	4	13	4	4	4	22	17	4	19	4	4	70	32	4	24	78	4	4	77	4	20	73	13	31	4	40	4	46	32	64	4	63	49	270	4	4	24	31	4	47	25	4	28	4	14	17	5	59	4	24	15	4	16	23	4	
127	158	91	221	155	156	242	252	160	160	257	153	98	239	75	142	297	140	277	149	183	107	235	158	139	227	257	206	117	174	91	61	134	142	209	171	75	155	104	109	66	67	136	85	89	219	126	61	174	237	105	249	170	317	184	111	389	225	215	236	229	109	63	221	333	223	113	296	194	231	215	326	110	395	273	347	130	217	272	155	86	248	75	327	98	193	100	77	308	116	206	237	140	90	168	184	164	98	177	132	188	66	199	176	102	94	272	234	293	106	163	223	162	151	237	57	205	250	267	106	64	184	81	137	215	79	155	100	97	210	186	69	303	132	112	251	229	262	236	244	59	71	101	68	334	202	113	88	89	213	197	160	290	231	239	128	275	221	129	85	306	275	124	347	286	198	304	136	293	139	184	234	262	207	329	57	280	282	287	137	127	197	234	85	248	235	126	236	147	139	128	91	264	231	149	125	198	122	224	60	
16	26	14	17	29	34	42	4	18	22	59	4	4	4	4	4	64	4	46	18	4	43	42	24	15	4	55	30	12	17	4	13	22	17	4	4	6	19	20	4	11	4	4	8	4	27	14	4	21	40	18	38	4	104	27	8	4	4	38	27	4	4	4	34	93	31	10	72	21	4	4	4	8	144	55	162	20	31	48	4	11	4	8	62	10	41	4	4	57	4	4	57	4	4	11	26	35	4	4	22	24	4	50	24	4	10	66	45	130	10	4	4	17	13	4	6	4	62	4	21	4	33	4	43	33	8	9	15	13	32	33	9	69	4	15	51	4	60	42	27	8	10	18	8	87	4	12	4	4	4	26	22	4	21	4	4	76	41	4	24	91	4	4	83	4	25	78	14	32	4	41	4	52	35	70	4	70	53	283	4	4	29	34	4	58	29	4	28	4	15	15	7	65	4	23	13	4	17	28	4	
129	169	98	223	166	164	251	245	162	159	266	157	92	247	73	142	313	148	281	151	196	112	234	170	149	234	250	206	125	180	95	62	142	148	208	183	76	163	101	116	75	68	151	86	94	224	127	65	180	238	107	262	179	321	181	112	398	237	228	245	245	127	68	221	350	227	119	303	207	235	226	335	121	407	277	342	140	222	288	153	85	248	82	329	112	201	96	87	315	123	224	234	150	95	182	189	172	107	186	136	196	66	200	196	106	105	286	234	293	108	172	230	164	162	243	58	215	254	275	104	67	200	84	145	214	78	170	103	96	221	199	67	314	133	118	260	244	276	247	240	64	78	105	70	341	208	122	92	96	221	207	160	298	251	241	124	279	225	134	87	316	275	129	351	282	197	300	141	304	147	188	242	271	220	335	57	288	298	283	150	124	199	242	97	272	246	126	247	147	144	133	97	273	243	158	128	215	122	236	62	
16	30	15	21	35	38	45	4	22	22	64	4	4	4	4	4	66	4	54	20	4	44	45	28	19	4	57	32	15	18	4	13	26	19	4	4	6	20	21	4	12	4	4	10	4	32	17	4	26	43	19	42	4	113	31	9	4	4	41	29	4	4	4	34	97	35	13	78	23	4	4	4	11	149	62	177	23	36	58	4	13	4	8	63	10	44	4	4	64	4	4	64	4	4	11	28	34	4	4	24	26	4	56	28	4	12	77	50	132	12	4	4	21	17	4	6	4	65	4	24	4	38	4	46	34	9	12	16	13	39	36	9	76	4	16	52	4	63	45	34	8	10	18	8	95	4	14	4	4	4	27	24	4	28	4	4	79	47	4	25	99	4	4	90	4	30	81	18	35	4	45	4	55	40	72	4	76	59	280	4	4	32	35	4	64	32	4	33	4	17	18	7	71	4	25	15	4	21	38	4	
135	173	109	227	162	166	259	247	163	163	283	153	88	266	76	143	321	152	291	160	216	116	247	181	155	242	256	216	128	183	105	59	147	151	220	192	72	173	103	117	81	64	157	82	100	231	133	71	187	248	105	272	182	320	188	117	411	249	244	251	262	131	68	212	357	238	127	299	216	238	230	346	123	403	295	342	142	223	290	164	87	251	84	344	116	206	99	97	320	124	237	243	150	99	180	202	173	110	197	147	202	68	197	207	107	107	297	232	298	115	185	232	167	172	235	63	216	260	275	104	71	204	88	155	233	83	188	105	105	232	197	69	315	142	126	257	261	282	250	253	66	83	107	69	347	214	121	96	100	230	217	176	308	271	250	139	278	226	141	93	326	287	138	358	278	199	307	146	317	149	196	251	275	224	336	65	302	297	292	149	123	202	253	99	281	259	128	251	154	149	143	102	268	255	158	134	232	128	246	60	
20	32	18	23	37	36	48	4	24	30	69	4	4	4	4	4	70	4	56	24	4	48	50	31	20	4	64	36	19	23	4	15	28	20	4	4	6	24	22	4	13	4	4	10	4	35	16	4	26	44	20	54	4	116	34	11	4	4	44	31	4	4	4	38	101	37	14	86	28	4	4	4	12	157	68	181	24	37	59	4	13	4	12	76	10	48	4	4	72	4	4	67	4	4	16	30	39	4	4	25	25	4	60	30	4	12	79	60	135	12	4	4	22	21	4	7	4	69	4	29	4	41	4	49	39	11	16	18	13	44	40	10	81	4	17	54	4	71	49	42	8	10	19	10	103	4	16	4	4	4	30	32	4	33	4	4	86	54	4	27	104	4	4	101	4	34	88	20	39	4	50	4	61	42	81	4	80	65	284	4	4	35	43	4	72	38	4	36	4	20	21	8	77	4	30	18	4	23	44	4	
141	179	119	237	163	166	271	246	177	173	293	153	98	274	76	140	318	156	293	163	214	125	243	195	157	255	268	227	136	195	112	62	147	159	238	198	81	184	105	116	92	65	166	88	105	232	135	71	191	251	109	288	186	331	195	121	421	251	246	260	274	132	66	229	373	253	135	315	221	253	229	348	134	412	296	354	143	235	308	168	96	259	81	356	133	210	100	93	329	125	249	254	153	103	201	207	173	120	212	149	211	69	196	209	111	113	292	232	293	118	191	239	176	186	243	64	225	271	290	113	68	213	93	163	233	86	200	110	109	248	195	69	330	147	129	268	274	289	251	269	72	88	110	78	353	212	131	99	105	240	229	174	308	279	256	141	279	225	146	97	326	297	143	353	287	212	309	155	331	153	194	256	281	234	343	69	299	298	294	155	124	203	255	99	300	270	132	260	171	150	148	105	264	265	164	134	234	138	256	62	
25	37	20	26	44	40	56	4	27	31	78	4	4	4	4	4	76	4	65	26	4	53	56	37	22	4	68	42	20	24	4	15	30	22	4	4	9	28	23	4	11	4	4	12	4	38	18	4	29	44	23	61	4	123	37	11	4	4	47	32	4	4	4	42	110	41	18	85	29	4	4	4	13	163	73	190	24	38	68	4	15	4	14	82	10	50	4	4	85	4	4	75	4	4	20	34	42	4	4	25	28	4	66	34	4	12	81	63	144	12	4	4	24	23	4	7	4	77	4	30	4	45	4	52	44	14	19	21	15	45	46	12	95	4	21	61	4	80	52	45	8	10	20	10	107	4	19	4	4	4	35	37	4	36	4	4	92	66	4	28	106	4	4	107	4	35	92	27	46	4	49	4	66	46	94	4	84	68	292	4	4	41	50	4	73	38	4	41	4	21	25	8	82	4	31	21	4	22	45	4	
146	188	130	244	167	172	274	253	179	188	299	160	101	271	80	145	343	167	297	177	227	124	249	198	173	272	281	225	147	194	116	64	150	177	241	206	86	184	104	115	90	69	168	90	113	242	135	75	202	255	107	293	202	331	193	123	423	279	255	277	275	133	72	238	377	264	145	320	238	268	237	361	136	409	298	352	156	235	312	178	96	277	88	375	157	213	103	102	336	130	254	263	153	114	216	213	175	130	210	152	228	67	192	214	116	114	295	231	294	122	197	242	178	199	247	66	225	270	304	125	71	225	98	164	247	91	202	105	118	264	217	73	335	150	129	267	270	293	248	279	72	96	123	83	363	216	132	99	108	263	248	180	318	289	263	147	276	228	149	100	326	300	147	365	293	214	319	160	337	154	207	257	286	241	342	78	300	300	280	167	131	212	266	99	304	269	130	266	178	153	161	108	272	271	170	131	231	141	260	65	
29	39	21	30	49	41	59	4	31	32	83	4	4	4	4	4	82	4	70	27	4	58	64	46	24	4	71	48	24	29	4	15	32	23	4	4	9	31	22	4	13	4	4	14	4	43	20	4	30	53	22	67	4	130	37	13	4	4	54	42	4	4	4	49	119	47	19	95	36	4	4	4	16	177	79	195	27	38	75	4	17	4	14	83	11	58	4	4	90	4	4	78	4	4	23	38	43	4	4	30	36	4	66	40	4	12	87	70	152	13	4	4	27	27	4	7	4	76	4	30	4	49	4	58	44	16	24	23	21	46	48	14	97	4	23	68	4	81	60	50	8	10	21	13	118	4	21	4	4	4	45	36	4	43	4	4	102	69	4	30	114	4	4	114	4	39	99	27	51	4	54	4	69	49	106	4	88	72	292	4	4	43	53	4	79	40	4	46	4	27	26	8	84	4	32	22	4	21	49	4	
151	201	140	253	164	181	282	246	184	182	307	167	105	280	79	154	362	166	316	178	235	125	266	200	187	285	284	227	147	202	126	72	150	186	246	208	94	187	103	109	95	74	179	92	111	254	132	79	205	256	106	305	205	331	193	131	418	285	258	287	278	139	77	238	379	270	148	327	244	280	239	355	145	406	302	360	156	235	323	185	96	288	99	390	160	215	107	102	338	139	255	280	158	121	231	223	185	141	212	154	241	74	190	212	126	115	298	237	296	126	205	253	181	213	254	66	229	281	321	129	73	236	94	168	254	94	206	112	122	272	215	75	337	150	134	272	267	309	254	285	81	103	130	89	372	219	130	100	107	272	251	187	323	305	271	152	288	239	154	104	333	301	144	367	297	223	320	170	348	161	217	266	288	251	350	87	300	318	282	176	127	218	269	112	304	275	128	269	183	159	168	111	282	284	172	130	244	143	269	70	
38	43	24	34	54	43	64	4	31	34	95	4	4	4	4	4	88	4	73	29	4	61	74	50	26	4	78	54	26	34	4	16	38	23	4	4	9	35	25	4	13	4	4	14	4	47	23	4	32	62	25	70	4	135	43	14	4	4	57	47	4	4	4	53	126	49	23	103	39	4	4	4	16	172	84	210	27	38	80	4	18	4	15	97	11	66	4	4	91	4	4	83	4	4	26	40	50	4	4	32	39	4	72	41	4	12	98	74	157	16	4	4	27	30	4	8	4	85	4	32	4	56	4	62	47	20	26	24	23	52	55	14	103	4	26	77	4	89	66	54	8	13	21	13	125	4	24	4	4	4	52	38	4	49	4	4	109	75	4	27	121	4	4	123	4	41	102	28	62	4	57	4	75	55	110	4	94	81	296	4	4	49	54	4	81	42	4	53	4	31	29	9	89	4	33	24	4	24	54	4	
155	212	145	268	161	185	281	251	184	189	312	176	109	288	80	160	389	160	313	181	244	129	261	197	203	293	282	225	148	201	128	68	148	200	264	215	100	191	104	107	102	75	185	97	112	269	133	81	217	274	105	318	204	333	189	141	410	294	260	280	295	144	80	240	380	275	149	335	254	295	242	362	148	426	293	357	158	246	339	194	101	296	104	403	162	214	111	101	361	146	265	295	164	123	232	223	186	143	208	156	241	76	192	216	126	118	310	246	300	126	202	276	190	234	252	64	235	287	342	129	81	250	98	169	260	97	210	113	120	272	213	76	350	150	145	270	274	312	262	307	83	106	133	93	375	219	141	102	107	266	261	187	335	315	272	157	298	247	158	106	341	305	151	367	299	225	324	184	369	175	216	268	298	254	359	90	310	325	274	183	130	223	280	115	307	277	131	284	189	155	166	113	287	297	169	138	254	148	266	71	
40	46	25	38	64	51	66	4	35	40	104	4	4	4	4	4	89	4	80	30	4	68	83	52	32	4	80	59	29	41	4	17	43	26	4	4	9	43	29	4	13	4	4	15	4	54	24	4	41	64	26	77	4	146	44	17	4	4	60	54	4	4	4	59	136	56	29	111	43	4	4	4	17	182	91	210	29	41	86	4	21	4	17	109	14	71	4	4	101	4	4	89	4	4	30	42	52	4	4	35	46	4	77	48	4	13	101	77	167	18	4	4	31	31	4	9	4	94	4	37	4	57	4	62	50	19	29	28	27	60	58	14	107	4	33	82	4	87	75	60	7	14	21	14	132	4	27	4	4	4	57	42	4	53	4	4	118	77	4	27	125	4	4	130	4	43	106	29	67	4	65	4	84	60	119	4	101	87	309	4	4	54	58	4	87	50	4	55	4	34	33	10	93	4	38	24	4	25	64	4	
166	212	150	276	161	188	291	258	170	195	319	177	105	292	81	163	407	164	321	185	250	135	267	205	206	300	286	228	149	211	132	70	147	213	283	219	106	198	102	107	104	79	208	93	113	292	135	79	228	273	113	323	206	339	195	149	415	305	270	292	299	142	83	240	378	278	158	345	262	298	241	371	161	433	297	357	163	258	347	194	106	299	107	415	168	221	118	101	366	151	265	294	171	130	238	226	187	152	205	164	242	81	200	228	128	121	314	248	300	143	198	286	192	236	265	73	237	298	353	132	89	261	103	161	262	100	216	121	115	289	219	75	353	153	153	282	288	316	268	321	90	116	139	95	386	224	146	109	114	284	255	203	340	323	272	176	298	247	163	104	340	310	150	376	304	239	336	190	379	188	228	268	300	256	369	96	307	338	262	187	132	231	279	116	310	288	133	289	196	162	171	119	296	301	171	143	265	150	277	80	
43	49	25	42	66	53	69	4	39	43	106	4	4	4	4	4	104	4	85	32	4	66	90	57	29	4	84	60	31	46	4	19	46	30	4	4	8	42	31	4	17	4	4	17	4	55	27	4	46	78	27	86	4	148	47	19	4	4	71	62	4	4	4	62	147	57	29	116	44	4	4	4	20	193	98	216	31	47	88	4	22	4	19	117	17	72	4	4	116	4	4	100	4	4	34	46	53	4	4	40	51	4	82	57	4	12	104	82	171	23	4	4	36	30	4	12	4	98	4	38	4	60	4	65	55	21	36	27	27	62	58	13	120	4	39	88	4	99	81	64	8	17	22	14	138	4	29	4	4	4	59	49	4	61	4	4	120	80	4	29	127	4	4	135	4	47	110	32	76	4	70	4	87	64	126	4	109	96	313	4	4	59	59	4	96	58	4	66	4	36	35	10	103	4	43	32	4	26	67	4	
168	215	163	286	161	184	302	262	171	205	333	183	103	285	85	162	419	165	320	191	245	136	271	203	211	308	289	227	146	213	129	74	156	220	296	229	105	198	105	103	106	78	215	97	122	296	140	92	225	290	118	326	209	332	201	151	421	312	290	296	298	157	85	244	380	279	157	349	267	313	238	385	165	428	302	357	158	267	361	190	113	307	112	417	178	230	123	103	381	157	274	291	177	132	264	232	188	151	203	166	256	80	199	237	133	128	313	262	307	154	203	284	186	243	259	71	241	310	367	132	88	268	104	159	268	98	227	123	119	284	225	81	353	156	162	282	304	325	280	326	94	120	145	103	373	225	146	112	119	292	279	207	348	333	283	176	303	240	162	108	354	318	161	386	304	255	339	195	392	184	230	280	312	262	364	98	315	345	258	192	133	239	284	115	311	285	137	296	198	166	172	122	303	298	184	138	278	157	291	83	
49	51	28	45	68	50	82	4	41	52	113	4	4	4	4	4	112	4	100	36	4	68	95	64	36	4	87	66	35	48	4	19	51	32	4	4	12	43	31	4	17	4	4	19	4	56	27	4	51	87	35	95	4	160	51	22	4	4	83	66	4	4	4	67	156	60	36	124	50	4	4	4	21	199	102	216	32	48	93	4	21	4	20	126	18	81	4	4	122	4	4	106	4	4	38	56	59	4	4	46	54	4	85	52	4	16	112	86	176	29	4	4	44	36	4	12	4	107	4	38	4	64	4	72	57	22	40	28	27	70	61	14	125	4	41	91	4	103	86	71	11	18	22	15	151	4	32	4	4	4	69	55	4	68	4	4	125	87	4	30	140	4	4	141	4	54	113	37	80	4	73	4	91	71	131	4	121	99	314	4	4	62	68	4	105	66	4	77	4	37	38	13	116	4	47	35	4	32	74	4	
178	219	165	302	165	186	308	270	167	216	328	186	112	281	86	167	411	162	319	202	250	141	270	209	223	315	286	228	152	217	133	77	158	226	291	236	105	197	111	111	111	80	211	95	120	299	142	96	220	296	124	340	210	338	196	155	404	315	304	306	308	166	82	255	385	279	165	357	269	322	231	384	173	438	301	362	158	268	360	202	116	305	112	429	189	242	123	100	397	160	278	298	179	138	271	238	193	153	204	169	250	83	207	238	138	127	317	269	309	152	208	294	196	246	261	76	244	322	376	132	88	259	101	155	284	101	232	124	125	284	234	82	351	168	167	284	308	334	281	345	97	125	148	108	389	237	147	117	114	291	293	200	342	339	296	179	307	234	175	113	352	334	166	389	306	258	342	192	394	195	239	300	327	263	361	101	312	335	262	198	131	245	290	117	317	295	142	308	197	177	175	124	303	297	186	140	285	167	301	86	
48	53	30	52	71	52	86	4	45	53	124	4	4	4	4	4	125	4	107	39	4	70	105	68	43	4	99	70	38	50	4	21	50	41	4	4	16	47	33	4	18	4	4	21	4	60	31	4	53	91	38	95	4	165	57	23	4	4	85	73	4	4	4	72	161	63	37	139	48	4	4	4	24	214	107	225	37	57	102	4	23	4	19	132	21	87	4	4	133	4	4	111	4	4	43	66	60	4	4	47	59	4	87	57	4	18	114	94	182	29	4	4	49	38	4	13	4	111	4	42	4	72	4	77	60	24	44	30	29	77	65	15	135	4	45	92	4	112	93	78	12	18	24	16	159	4	35	4	4	4	75	65	4	76	4	4	132	95	4	33	144	4	4	150	4	58	120	39	92	4	75	4	93	78	134	4	132	110	324	4	4	71	74	4	108	74	4	82	4	40	42	15	128	4	48	38	4	37	80	4	
183	218	175	308	169	182	317	268	170	222	348	192	117	287	94	171	411	162	328	210	257	138	274	224	229	318	295	235	167	217	131	78	159	237	294	242	110	198	109	114	112	80	228	100	118	303	148	93	226	301	120	346	205	343	203	160	420	318	314	310	316	168	81	266	398	280	181	361	277	333	231	371	193	444	309	371	153	275	371	202	123	327	110	433	194	246	125	100	398	159	297	301	185	142	281	248	202	150	204	180	251	78	209	247	145	120	316	274	316	156	210	302	199	255	262	77	245	317	379	136	94	273	106	158	284	101	249	126	135	289	245	83	364	165	170	290	311	343	294	339	94	132	143	114	387	239	145	112	111	291	306	207	343	341	299	182	300	236	182	114	353	338	170	393	309	251	353	197	391	198	241	305	332	271	361	106	317	346	260	206	142	241	287	121	320	300	143	312	206	180	184	119	318	309	194	135	295	179	310	88	
51	59	35	52	80	58	94	4	48	54	126	4	4	4	4	4	134	4	110	41	4	72	107	74	54	4	101	78	43	55	4	22	47	41	4	4	17	55	36	4	21	4	4	22	4	59	35	4	61	101	40	102	4	177	64	29	4	4	89	83	4	4	4	84	168	67	39	148	48	4	4	4	29	217	125	235	39	64	118	4	26	4	21	141	26	95	4	4	137	4	4	120	4	4	49	73	65	4	4	50	64	4	89	58	4	22	124	101	187	31	4	4	51	45	4	14	4	117	4	47	4	78	4	83	65	24	45	32	33	82	73	17	142	4	48	98	4	115	101	87	12	22	24	17	164	4	34	4	4	4	74	67	4	76	4	4	131	97	4	35	146	4	4	160	4	61	129	41	98	4	84	4	92	85	138	4	142	117	318	4	4	71	84	4	110	78	4	89	4	46	44	16	141	4	50	40	4	42	82	4	
184	216	182	313	167	186	311	262	175	231	359	195	120	304	98	175	409	168	340	211	261	141	277	226	238	319	291	230	167	222	136	83	164	244	305	252	107	207	110	116	117	82	228	115	118	319	151	90	231	311	122	340	212	351	215	166	424	324	310	316	316	167	80	267	401	290	192	362	272	327	227	376	195	450	307	357	158	282	383	212	121	336	113	431	198	249	123	103	410	164	308	301	189	153	291	251	213	148	211	189	256	80	215	246	149	118	318	273	317	161	219	315	214	258	276	80	253	322	384	135	93	273	109	158	296	98	263	127	131	290	259	85	370	162	172	287	309	353	305	349	93	134	141	124	393	242	146	110	115	290	321	213	339	334	301	183	305	242	189	114	354	337	177	405	312	257	362	201	392	215	233	305	334	265	374	106	338	342	258	211	137	236	296	123	329	307	147	315	211	180	189	123	323	325	204	137	300	181	325	86	
53	61	35	61	86	63	97	4	56	57	129	4	4	4	4	4	146	4	110	46	4	72	116	79	56	4	104	81	44	55	4	25	53	41	4	4	16	57	41	4	24	4	4	26	4	66	36	4	65	101	42	108	4	185	66	32	4	4	100	82	4	4	4	85	182	70	40	157	53	4	4	4	33	224	125	236	42	72	125	4	27	4	19	146	30	100	4	4	154	4	4	125	4	4	53	79	68	4	4	50	74	4	90	68	4	23	130	104	196	33	4	4	54	47	4	16	4	126	4	48	4	83	4	85	65	27	56	34	35	86	72	19	148	4	50	107	4	122	108	92	13	25	28	20	168	4	35	4	4	4	79	70	4	81	4	4	141	99	4	36	155	4	4	169	4	72	143	47	109	4	89	4	97	94	143	4	150	121	323	4	4	75	92	4	112	84	4	94	4	49	46	18	149	4	54	41	4	47	88	4	
192	223	180	325	171	189	319	252	176	231	362	211	126	311	98	180	422	166	336	211	263	132	281	229	234	330	304	240	165	235	134	86	156	240	312	256	109	215	111	122	116	88	229	112	125	330	159	90	241	322	126	346	216	345	218	167	425	319	321	322	338	173	77	278	385	295	191	366	279	325	229	385	205	453	306	361	161	284	395	227	117	351	116	437	213	247	130	106	405	176	314	296	194	165	309	256	215	151	207	192	268	81	209	246	157	128	326	288	318	166	216	320	215	262	274	80	258	328	387	139	90	280	109	156	292	96	262	126	134	290	264	79	376	167	170	287	297	359	307	351	98	143	147	130	393	245	154	109	112	300	321	224	348	343	295	199	306	245	188	114	356	342	173	421	310	263	365	215	395	216	234	311	341	272	375	107	333	345	258	209	137	240	316	128	338	308	146	326	208	194	189	130	323	332	201	145	312	182	337	89	
56	65	37	65	89	67	100	4	61	63	141	4	4	4	4	4	152	4	112	56	4	76	121	86	56	4	112	91	48	59	4	24	56	47	4	4	18	61	41	4	26	4	4	25	4	70	37	4	74	101	43	118	4	186	68	35	4	4	106	91	4	4	4	86	195	76	42	173	63	4	4	4	35	228	129	243	45	77	132	4	31	4	20	157	32	96	4	4	161	4	4	131	4	4	55	89	69	4	4	55	82	4	95	76	4	27	137	110	202	35	4	4	55	50	4	15	4	126	4	55	4	84	4	87	66	27	60	36	35	93	80	20	149	4	51	105	4	129	112	100	13	28	31	21	170	4	41	4	4	4	84	72	4	87	4	4	146	103	4	37	162	4	4	178	4	75	151	52	116	4	91	4	96	104	147	4	153	122	320	4	4	80	96	4	118	93	4	97	4	56	53	18	153	4	59	43	4	48	91	4	
193	233	184	345	168	188	332	250	175	230	378	218	125	302	108	187	439	169	339	214	264	138	292	235	240	341	304	239	168	243	133	88	168	246	326	268	110	217	109	124	118	85	240	113	116	339	156	95	248	323	126	351	214	341	223	161	441	339	318	329	348	180	80	277	387	312	196	378	286	324	233	393	208	462	303	352	164	285	406	238	124	364	116	434	227	248	130	105	420	186	320	292	202	166	315	271	215	160	205	210	273	81	206	243	154	129	329	292	311	173	219	326	226	273	277	83	255	337	385	138	92	285	107	159	287	101	262	126	137	282	271	75	388	168	175	281	305	364	315	355	96	149	152	123	382	243	154	109	114	316	332	231	354	345	300	202	310	238	188	115	354	350	175	436	312	273	382	212	408	217	230	307	343	274	363	113	337	346	266	213	141	245	321	127	335	325	148	325	213	201	188	131	328	349	204	148	314	185	339	95	
61	69	39	75	91	76	112	4	67	63	143	4	4	4	4	4	158	4	121	66	4	78	132	85	63	4	121	94	51	66	4	26	56	50	4	4	22	67	39	4	26	4	4	28	4	75	40	4	83	112	43	129	4	186	73	41	4	4	115	101	4	4	4	92	211	83	48	180	64	4	4	4	39	241	140	258	49	83	141	4	36	4	20	164	30	99	4	4	166	4	4	137	4	4	63	96	70	4	4	57	86	4	97	79	4	30	141	114	206	39	4	4	58	51	4	15	4	133	4	56	4	90	4	90	73	27	70	36	37	98	86	22	159	4	52	116	4	139	114	108	14	28	32	24	181	4	48	4	4	4	90	78	4	90	4	4	154	102	4	38	170	4	4	186	4	83	161	58	129	4	96	4	100	114	154	4	166	137	326	4	4	81	101	4	124	96	4	100	4	60	57	20	158	4	66	48	4	55	102	4	
198	235	194	343	168	195	339	260	182	234	374	223	121	311	115	191	437	175	342	218	261	139	305	233	242	337	308	246	177	250	134	92	156	248	328	272	112	221	108	125	124	89	236	114	118	347	168	99	258	323	126	360	217	339	218	161	444	349	327	333	355	187	84	278	387	312	197	379	297	321	233	391	220	467	306	350	169	277	407	244	132	376	120	446	234	254	133	105	431	182	326	297	202	171	316	271	223	161	204	208	272	83	209	257	157	131	343	301	317	180	214	328	223	271	286	82	264	330	388	136	91	284	108	158	288	107	263	122	137	288	289	70	390	161	174	280	310	371	316	360	99	159	160	121	382	251	162	114	110	326	340	240	364	360	307	207	314	255	185	112	350	356	174	440	313	275	372	219	402	226	230	313	355	276	360	112	333	354	269	223	145	256	330	129	334	336	148	339	218	198	181	136	335	361	211	143	327	197	344	97	
62	72	40	79	94	80	119	4	74	71	149	4	4	4	4	4	169	4	124	69	4	80	133	89	64	4	129	94	54	74	4	27	58	50	4	4	24	72	42	4	27	4	4	32	4	87	49	4	89	115	45	131	4	188	79	44	4	4	122	110	4	4	4	94	228	94	50	188	69	4	4	4	44	253	148	262	51	93	143	4	37	4	24	168	35	105	4	4	173	4	4	141	4	4	67	103	79	4	4	60	93	4	100	81	4	35	153	114	202	42	4	4	62	55	4	18	4	141	4	58	4	96	4	89	82	30	70	42	37	101	94	24	163	4	58	121	4	155	120	114	16	30	34	26	184	4	54	4	4	4	95	81	4	92	4	4	150	105	4	35	184	4	4	187	4	85	167	62	137	4	107	4	105	120	160	4	163	154	335	4	4	83	107	4	129	104	4	104	4	65	59	20	161	4	71	50	4	55	108	4	
189	229	205	343	164	190	352	264	184	252	386	225	120	318	124	199	439	179	339	229	268	145	303	232	261	337	321	247	183	251	131	86	154	256	336	286	117	219	115	124	125	89	234	122	125	348	171	96	269	324	127	368	226	341	213	171	432	361	325	334	367	192	90	277	394	318	204	380	309	318	234	401	224	464	303	359	178	279	419	249	130	386	121	459	248	256	125	106	436	182	324	301	203	171	327	274	222	163	212	213	277	89	216	259	159	134	348	305	307	185	219	334	219	283	287	85	267	342	381	153	90	293	108	161	291	106	265	123	143	300	297	70	390	167	174	283	314	395	321	377	102	164	165	128	383	255	157	119	112	321	352	241	364	373	313	209	318	260	185	115	358	355	181	453	315	272	378	219	400	227	226	298	354	273	356	119	328	359	266	225	147	263	338	131	335	336	154	344	223	205	184	131	343	368	209	151	349	199	333	96	
65	78	43	87	99	84	128	4	77	72	160	4	4	4	4	4	178	4	133	77	4	77	138	98	69	4	132	95	57	75	4	31	65	52	4	4	27	73	41	4	28	4	4	36	4	93	50	4	91	123	46	139	4	198	86	48	4	4	135	112	4	4	4	94	239	101	53	194	71	4	4	4	46	271	159	267	53	94	151	4	36	4	27	176	36	110	4	4	179	4	4	143	4	4	70	107	82	4	4	61	101	4	108	92	4	38	170	122	215	45	4	4	66	64	4	20	4	147	4	59	4	107	4	88	83	29	75	44	42	108	102	24	170	4	65	124	4	166	123	119	15	34	36	29	196	4	56	4	4	4	99	94	4	105	4	4	158	105	4	40	196	4	4	197	4	91	173	64	150	4	110	4	114	126	173	4	167	162	337	4	4	94	111	4	134	111	4	114	4	69	64	23	170	4	75	54	4	56	108	4	
193	233	210	351	172	193	356	263	189	256	389	229	123	318	132	209	448	181	341	238	270	142	310	231	264	327	328	255	178	261	125	90	152	259	348	297	118	215	110	129	125	90	242	131	124	355	174	94	267	327	131	370	234	345	216	176	437	352	318	339	378	195	96	283	397	333	198	378	303	325	242	416	232	457	320	363	177	288	412	256	133	388	121	466	252	253	125	111	429	187	321	305	206	180	348	279	233	167	214	215	278	95	213	273	160	131	357	311	317	194	228	335	231	295	291	92	267	331	386	158	87	297	109	168	289	107	269	123	134	310	300	72	400	168	176	291	314	396	329	372	106	172	165	127	389	258	153	120	123	323	360	251	352	380	317	215	313	260	193	117	358	359	181	450	317	282	390	216	425	241	220	302	345	270	362	119	333	364	261	223	147	269	344	129	333	354	155	345	231	203	188	127	350	373	214	154	352	208	346	91	
68	83	48	96	102	88	140	4	82	79	165	4	4	4	4	4	184	4	137	82	4	78	147	97	75	4	140	104	63	77	4	32	66	56	4	4	26	81	42	4	28	4	4	39	4	100	50	4	97	131	47	146	4	199	89	48	4	4	150	117	4	4	4	105	248	105	55	197	80	4	4	4	48	285	164	273	54	102	155	4	34	4	30	185	44	120	4	4	180	4	4	149	4	4	81	111	89	4	4	63	111	4	115	100	4	41	176	123	217	52	4	4	71	69	4	22	4	155	4	59	4	113	4	90	94	31	84	50	42	122	110	25	180	4	73	140	4	175	127	126	18	41	37	32	205	4	57	4	4	4	106	103	4	113	4	4	167	105	4	46	209	4	4	203	4	102	184	69	154	4	116	4	122	132	179	4	171	172	346	4	4	101	113	4	147	118	4	122	4	74	71	27	174	4	81	54	4	65	116	4	
186	234	211	361	175	201	370	276	189	269	389	228	121	319	140	212	467	178	331	244	284	147	318	231	270	327	348	254	180	263	128	94	154	271	347	300	124	216	116	131	123	100	258	125	132	345	184	98	274	334	134	359	234	359	230	178	442	355	325	360	381	198	92	297	410	330	207	383	314	326	247	418	241	456	319	365	180	280	427	248	135	394	119	474	256	256	127	118	417	192	341	309	207	190	352	276	240	158	224	221	277	96	206	283	164	133	352	312	308	199	238	344	231	314	285	94	260	332	388	161	89	300	113	161	298	111	277	132	135	322	316	78	408	177	173	299	321	381	333	380	108	176	165	121	402	260	161	126	122	321	363	258	353	380	325	226	316	259	190	122	359	359	178	438	309	286	401	221	423	246	223	307	353	281	365	119	342	367	259	219	153	263	350	128	339	368	157	342	230	205	194	129	357	375	218	157	351	215	348	98	
79	91	50	101	109	90	145	4	85	84	169	4	4	4	4	4	194	4	145	91	4	80	151	100	78	4	143	110	69	92	4	33	68	60	4	4	27	88	42	4	32	4	4	39	4	107	53	4	103	139	49	157	4	210	102	51	4	4	154	127	4	4	4	110	255	122	57	202	81	4	4	4	52	295	169	276	53	108	159	4	31	4	29	195	50	128	4	4	185	4	4	156	4	4	92	118	96	4	4	70	116	4	120	98	4	48	191	129	222	55	4	4	74	75	4	22	4	167	4	59	4	120	4	92	103	34	90	55	42	128	116	24	188	4	75	149	4	183	130	136	19	43	42	36	209	4	62	4	4	4	105	112	4	121	4	4	174	116	4	46	223	4	4	211	4	110	189	73	160	4	122	4	128	140	180	4	182	183	352	4	4	104	127	4	153	121	4	127	4	82	71	30	180	4	90	56	4	70	125	4	
193	237	222	374	181	206	369	282	189	264	392	246	123	329	144	221	477	180	334	249	288	155	314	231	278	328	350	253	178	268	132	92	161	270	347	298	127	224	124	133	124	97	249	127	132	343	183	98	281	346	134	365	240	362	228	172	433	357	318	359	385	198	95	302	414	335	195	382	316	334	245	418	241	470	323	363	194	280	432	245	130	398	115	468	254	253	124	123	426	203	341	308	221	192	359	278	245	163	228	226	279	97	206	296	172	143	358	309	305	206	237	351	234	317	280	93	263	329	390	162	89	289	117	164	309	117	279	139	136	334	320	79	419	180	177	311	331	382	331	388	108	187	165	119	403	259	167	124	127	332	368	264	359	378	331	232	320	256	186	123	369	365	172	436	313	293	409	231	438	247	225	314	357	287	373	125	347	373	266	227	154	268	343	126	338	375	157	345	229	207	193	132	356	380	215	156	354	207	345	110	
87	95	54	106	110	93	150	4	88	86	172	4	4	4	4	4	211	4	148	92	4	83	157	106	91	4	154	115	65	93	4	32	71	59	4	4	27	89	45	4	33	4	4	41	4	115	57	4	110	146	50	161	4	214	109	54	4	4	156	134	4	4	4	117	267	127	67	213	85	4	4	4	55	299	168	286	59	116	165	4	34	4	28	207	56	137	4	4	182	4	4	163	4	4	99	125	103	4	4	75	115	4	120	103	4	52	194	135	235	56	4	4	80	83	4	24	4	172	4	65	4	131	4	96	114	36	88	60	44	128	124	25	200	4	78	159	4	190	136	143	20	46	51	39	212	4	63	4	4	4	113	116	4	135	4	4	174	119	4	47	226	4	4	218	4	108	199	76	170	4	127	4	130	147	186	4	190	194	347	4	4	103	135	4	164	133	4	129	4	90	76	35	187	4	95	59	4	74	133	4	
184	240	225	389	188	211	369	288	194	272	389	243	126	327	149	236	476	180	333	245	289	159	313	235	268	347	354	254	184	273	140	99	170	269	351	298	122	235	123	131	124	95	256	127	126	351	181	105	281	362	135	377	256	368	238	173	436	364	322	374	381	202	100	306	412	337	205	385	321	344	254	422	238	466	326	365	198	280	432	242	137	402	113	448	259	251	124	133	437	208	348	304	226	190	374	268	250	166	230	225	274	95	191	315	173	148	350	303	301	221	240	368	232	319	290	96	267	337	399	160	91	293	118	167	325	119	284	140	133	339	319	78	426	176	188	311	335	382	340	399	105	180	170	122	416	266	168	126	128	321	380	264	361	381	332	237	315	269	187	120	370	376	171	436	319	311	419	245	448	249	232	313	364	286	379	124	349	376	269	233	156	266	351	130	346	377	156	357	233	220	197	140	354	377	218	159	357	215	359	113	
91	100	58	110	111	95	157	4	92	88	172	4	4	4	4	4	217	4	159	102	4	87	160	113	100	4	155	119	74	94	4	33	74	71	4	4	28	93	48	4	36	4	4	45	4	120	65	4	122	149	58	166	4	220	108	56	4	4	164	142	4	4	4	121	276	132	71	219	95	4	4	4	59	306	172	296	65	130	174	4	37	4	33	218	61	138	4	4	187	4	4	164	4	4	106	130	112	4	4	78	117	4	123	102	4	56	200	145	243	60	4	4	87	93	4	25	4	185	4	68	4	133	4	100	116	40	91	64	43	131	130	24	214	4	84	163	4	195	139	141	21	50	55	39	215	4	65	4	4	4	115	124	4	146	4	4	182	124	4	48	231	4	4	225	4	111	202	79	179	4	128	4	132	151	198	4	197	208	352	4	4	111	140	4	167	142	4	137	4	93	82	41	197	4	102	62	4	77	145	4	
182	239	231	394	188	216	383	282	188	283	376	245	126	324	145	231	475	189	329	254	289	164	308	237	271	355	346	257	195	285	144	101	174	281	360	302	121	243	129	127	125	96	269	128	124	352	196	109	284	358	134	372	264	361	232	172	431	369	325	372	382	198	106	314	410	341	209	375	337	335	255	427	246	467	324	364	200	277	432	244	134	401	119	459	260	252	123	135	442	205	351	298	225	192	383	268	254	160	232	227	280	96	197	319	168	152	342	309	308	222	240	363	239	331	291	100	256	337	398	155	88	305	113	171	326	124	292	142	138	352	319	76	430	177	188	306	346	375	345	399	109	186	177	122	412	255	176	124	128	328	387	260	361	372	339	242	309	280	191	122	375	376	177	438	318	311	420	245	451	243	232	314	374	281	397	116	356	380	282	234	153	276	353	139	345	377	164	355	233	218	199	141	352	383	219	164	352	227	360	108	
92	108	61	125	114	99	168	4	96	89	183	4	4	4	4	4	222	4	165	107	4	88	165	115	105	4	165	131	77	105	4	33	80	80	4	4	28	92	48	4	40	4	4	47	4	126	66	4	132	157	58	172	4	226	116	64	4	4	173	149	4	4	4	131	288	143	72	220	102	4	4	4	61	308	180	292	67	134	187	4	37	4	34	227	68	151	4	4	198	4	4	170	4	4	112	130	117	4	4	85	120	4	131	109	4	53	207	153	242	70	4	4	96	101	4	25	4	184	4	74	4	145	4	106	123	41	98	68	48	134	137	24	227	4	84	171	4	195	142	141	23	52	58	40	218	4	70	4	4	4	120	128	4	159	4	4	189	136	4	51	240	4	4	237	4	111	209	86	196	4	129	4	143	155	214	4	200	206	362	4	4	116	146	4	180	150	4	140	4	104	87	42	203	4	108	69	4	81	156	4	
185	247	225	386	189	213	381	284	191	287	382	244	123	335	138	232	467	185	327	262	288	164	314	239	264	375	337	264	205	299	149	101	172	279	365	306	128	254	124	132	122	96	262	131	124	359	200	110	284	365	135	381	267	362	229	175	433	381	335	377	386	200	106	320	418	339	215	381	339	343	262	417	248	463	326	375	200	288	443	244	142	398	120	459	265	245	131	132	440	206	354	302	228	195	392	277	250	156	235	240	280	93	197	326	174	156	350	312	307	223	244	360	244	344	294	108	260	338	387	152	91	306	118	177	319	127	303	142	138	351	313	73	427	177	186	313	338	383	349	390	109	194	179	128	416	258	177	126	122	331	396	261	369	380	348	242	305	278	195	125	372	390	185	446	326	307	425	258	456	255	234	318	389	277	400	122	355	380	272	234	147	278	356	135	348	391	157	359	242	223	201	137	360	387	223	158	359	217	365	108	
98	114	68	125	114	108	173	4	101	98	187	4	4	4	4	4	236	4	176	114	4	87	169	116	111	4	170	136	81	111	4	34	82	82	4	4	32	98	50	4	42	4	4	47	4	138	66	4	137	167	62	178	4	230	122	66	4	4	177	162	4	4	4	136	293	147	72	233	114	4	4	4	67	303	182	302	69	141	200	4	38	4	38	234	73	156	4	4	210	4	4	171	4	4	123	125	123	4	4	89	121	4	134	112	4	52	214	157	248	76	4	4	102	106	4	27	4	202	4	83	4	151	4	111	126	42	99	73	46	136	144	26	237	4	90	174	4	198	147	151	24	58	59	43	225	4	69	4	4	4	129	138	4	170	4	4	199	145	4	53	250	4	4	243	4	121	214	97	205	4	134	4	155	163	216	4	206	216	364	4	4	116	152	4	190	163	4	146	4	110	85	39	215	4	114	71	4	86	163	4	
186	257	221	397	194	213	388	284	189	282	386	250	129	329	141	235	473	186	346	265	285	162	316	239	267	366	327	268	218	288	148	95	175	282	379	312	137	246	125	134	118	99	266	135	123	375	198	115	289	365	133	385	281	357	234	174	433	384	341	374	388	201	109	325	415	354	211	382	349	349	253	430	259	458	322	372	205	288	446	256	136	401	125	471	261	249	131	133	429	204	360	297	222	199	397	273	250	162	241	243	284	97	205	324	174	156	343	308	310	224	251	367	254	340	296	108	250	336	395	164	94	307	118	179	316	131	309	140	133	350	308	72	428	176	187	320	339	385	345	395	110	202	174	134	431	262	175	129	122	328	412	256	383	382	343	243	310	267	190	123	376	396	192	437	327	305	427	256	467	258	228	327	400	280	408	130	359	382	264	233	151	284	370	132	351	400	164	357	242	231	203	131	369	390	221	160	355	217	357	107	
101	122	72	134	117	110	179	4	99	107	194	4	4	4	4	4	244	4	184	112	4	89	180	126	111	4	174	139	84	117	4	38	82	84	4	4	34	106	56	4	41	4	4	44	4	146	70	4	142	175	67	184	4	236	125	72	4	4	193	170	4	4	4	140	289	153	75	243	127	4	4	4	74	315	190	313	70	152	210	4	45	4	42	243	76	159	4	4	212	4	4	178	4	4	130	135	130	4	4	97	133	4	139	120	4	52	230	162	248	76	4	4	107	111	4	27	4	210	4	84	4	157	4	109	129	42	100	78	48	147	151	28	247	4	93	176	4	198	158	163	27	62	60	44	236	4	70	4	4	4	137	142	4	179	4	4	208	151	4	54	256	4	4	249	4	128	224	101	219	4	147	4	170	161	235	4	212	226	373	4	4	121	155	4	199	174	4	154	4	115	93	40	221	4	121	83	4	90	170	4	
179	254	217	405	198	214	401	288	194	280	396	244	132	334	148	239	469	182	348	262	297	167	328	242	275	375	326	269	214	293	155	93	177	288	376	323	136	245	124	137	125	101	265	137	126	380	202	123	296	372	131	389	280	355	248	166	440	375	346	382	393	196	116	327	418	357	215	393	349	360	256	439	270	471	323	376	207	293	460	262	143	411	124	469	264	254	131	133	439	211	356	291	229	200	395	276	248	170	245	241	293	95	207	328	177	155	349	309	311	225	255	373	247	352	300	104	252	342	394	166	90	305	117	182	311	131	312	142	133	353	310	73	433	169	181	330	343	379	340	399	109	210	175	147	428	258	173	128	124	325	413	259	380	387	355	244	311	265	195	117	376	388	184	443	340	299	418	264	464	268	239	322	396	277	404	132	378	383	270	238	143	285	390	135	361	398	164	362	242	229	209	132	377	397	209	168	346	220	365	107	
101	128	73	142	119	116	188	4	105	108	190	4	4	4	4	4	260	4	188	114	4	94	186	136	115	4	170	145	90	120	4	41	87	93	4	4	41	104	59	4	43	4	4	47	4	165	74	4	151	181	68	189	4	238	129	78	4	4	200	179	4	4	4	144	304	162	78	253	132	4	4	4	80	323	201	323	74	154	218	4	47	4	45	254	84	167	4	4	218	4	4	190	4	4	131	144	134	4	4	100	137	4	140	126	4	56	236	173	256	79	4	4	113	114	4	28	4	217	4	83	4	167	4	115	142	43	102	83	52	154	155	30	253	4	95	184	4	200	171	169	28	66	64	48	241	4	74	4	4	4	145	147	4	193	4	4	212	156	4	55	255	4	4	255	4	136	233	103	230	4	149	4	180	169	243	4	220	238	375	4	4	127	157	4	204	179	4	164	4	117	99	42	230	4	128	88	4	93	181	4	
182	258	229	411	202	212	403	291	199	277	409	244	130	346	149	238	456	187	363	265	306	174	342	239	283	380	329	273	220	299	165	88	180	294	380	326	128	244	121	133	125	105	271	137	127	389	208	126	303	374	129	406	277	353	257	162	444	379	334	384	394	197	109	332	407	351	219	405	352	356	263	431	271	483	326	381	208	311	465	269	137	417	129	465	271	261	129	137	442	209	352	289	232	201	395	282	254	170	245	246	300	103	203	333	173	154	353	312	313	229	253	379	253	352	300	103	260	343	393	165	92	309	121	185	314	134	313	138	138	346	318	75	425	169	181	336	349	378	344	404	109	215	173	151	434	257	172	123	126	329	408	271	372	377	361	245	320	266	201	117	369	405	191	449	342	306	421	270	458	282	241	336	401	275	404	132	372	377	277	259	147	288	385	134	358	404	166	359	240	234	210	136	376	395	209	167	350	218	365	109	
104	134	78	151	121	117	194	4	108	116	199	4	4	4	4	4	268	4	187	122	4	99	193	132	125	4	179	152	93	120	4	41	94	99	4	4	45	105	59	4	42	4	4	50	4	179	74	4	155	185	71	200	4	243	135	78	4	4	208	188	4	4	4	150	310	164	80	264	132	4	4	4	82	327	203	336	77	154	224	4	45	4	46	261	90	172	4	4	231	4	4	195	4	4	144	151	136	4	4	112	137	4	144	129	4	59	243	176	261	83	4	4	121	124	4	28	4	227	4	82	4	172	4	121	148	44	102	86	53	160	158	32	251	4	102	189	4	214	183	176	28	71	65	48	248	4	73	4	4	4	149	153	4	199	4	4	222	161	4	59	262	4	4	262	4	141	249	108	237	4	152	4	185	177	249	4	223	243	373	4	4	135	169	4	212	185	4	166	4	118	102	45	230	4	135	92	4	97	190	4	
190	264	236	423	198	204	409	304	196	275	402	250	127	345	151	232	456	189	370	264	319	174	348	245	290	383	319	275	223	295	170	91	188	297	380	331	126	245	119	130	125	102	273	135	129	391	207	122	308	375	129	400	269	353	260	163	430	391	352	385	397	194	108	336	409	355	216	400	358	359	260	429	266	480	325	383	208	313	468	265	143	405	131	473	275	269	129	140	449	218	358	290	233	211	396	281	248	165	245	240	292	108	204	339	166	151	361	311	313	224	249	377	254	355	304	101	257	346	402	163	94	297	118	192	312	132	319	139	146	352	329	77	425	164	174	339	353	386	345	419	109	216	173	149	436	267	178	123	125	329	422	264	371	382	369	263	335	271	205	121	378	404	188	445	339	328	416	274	455	274	240	334	398	284	413	134	371	368	280	267	147	286	400	133	358	403	171	373	237	230	214	137	376	393	210	166	350	221	378	109	
111	138	82	157	123	121	208	4	116	124	206	4	4	4	4	4	271	4	194	123	4	100	199	139	132	4	186	168	98	127	4	41	94	106	4	4	45	112	58	4	48	4	4	47	4	188	78	4	159	191	72	207	4	250	138	85	4	4	209	194	4	4	4	159	314	171	79	272	145	4	4	4	89	338	209	336	82	155	237	4	44	4	47	271	98	173	4	4	237	4	4	198	4	4	152	154	139	4	4	116	143	4	152	130	4	60	253	179	265	84	4	4	125	131	4	29	4	225	4	87	4	182	4	128	151	47	110	89	57	167	163	35	257	4	102	199	4	226	188	187	32	78	67	56	249	4	76	4	4	4	156	157	4	209	4	4	234	168	4	62	267	4	4	275	4	146	263	115	246	4	158	4	202	182	249	4	228	256	373	4	4	143	184	4	222	192	4	175	4	119	104	49	228	4	142	96	4	98	199	4	
186	267	242	424	198	209	408	308	206	279	411	253	133	348	146	237	453	191	376	264	314	166	355	248	294	390	309	281	231	297	165	96	192	298	368	337	125	251	111	134	127	99	276	132	137	398	208	117	308	373	130	403	272	359	262	168	430	394	353	388	411	200	107	323	409	351	215	395	355	364	260	439	271	490	330	384	211	317	465	261	156	415	134	467	273	260	133	141	459	221	362	287	235	215	395	290	252	167	251	229	295	112	202	342	170	149	365	307	316	226	249	390	256	360	298	105	271	350	410	169	94	300	119	201	320	134	332	147	145	358	330	77	424	171	174	336	362	385	337	430	112	209	180	157	445	266	174	119	125	340	414	275	382	393	379	262	329	279	209	122	384	396	189	442	339	335	434	270	455	281	246	325	397	291	413	134	382	373	282	267	150	283	407	140	364	407	172	380	242	222	213	142	378	389	209	172	359	223	381	112	
117	142	87	169	129	127	217	4	122	126	210	4	4	4	4	4	279	4	205	122	4	108	202	143	138	4	195	177	103	133	4	44	102	122	4	4	51	121	60	4	50	4	4	44	4	206	81	4	163	197	76	213	4	256	143	88	4	4	217	199	4	4	4	167	320	184	85	277	149	4	4	4	99	349	219	349	84	164	250	4	45	4	48	277	103	176	4	4	249	4	4	197	4	4	163	156	146	4	4	125	148	4	154	130	4	61	264	189	271	87	4	4	128	137	4	28	4	229	4	93	4	185	4	127	161	47	118	90	57	170	164	35	266	4	109	202	4	230	206	193	37	82	70	61	254	4	77	4	4	4	163	161	4	213	4	4	245	175	4	62	271	4	4	275	4	149	265	121	256	4	163	4	217	196	259	4	233	261	373	4	4	152	191	4	227	194	4	173	4	125	104	51	232	4	151	97	4	104	202	4	
186	268	241	424	196	208	423	307	204	276	409	253	125	347	150	248	459	192	381	263	312	168	355	244	310	377	313	290	232	300	165	92	202	301	372	335	129	254	117	134	136	88	280	132	135	397	207	120	312	373	137	410	269	363	261	165	436	398	345	387	420	198	105	324	406	347	215	391	346	369	261	421	280	487	333	378	210	301	477	267	155	422	134	464	285	264	133	145	450	218	359	297	222	218	407	290	251	169	247	229	293	107	198	347	171	150	368	312	315	230	243	394	261	367	308	104	268	356	412	175	97	310	120	200	316	135	340	153	145	363	331	83	417	183	183	342	358	379	326	419	115	208	186	159	434	275	175	123	125	344	429	278	374	394	374	264	333	275	210	127	386	393	193	461	341	339	453	261	444	288	249	327	385	292	421	140	385	370	276	268	147	280	392	145	377	417	169	389	238	225	215	143	381	388	212	172	358	223	370	108	
115	148	93	178	132	129	226	4	124	131	221	4	4	4	4	4	295	4	213	134	4	113	209	150	136	4	211	176	107	133	4	45	101	127	4	4	54	121	64	4	52	4	4	45	4	214	85	4	170	205	84	224	4	265	145	88	4	4	226	208	4	4	4	170	324	190	88	292	157	4	4	4	104	359	226	359	89	165	253	4	49	4	53	283	111	188	4	4	258	4	4	201	4	4	174	163	153	4	4	128	156	4	156	134	4	65	263	187	273	85	4	4	138	146	4	32	4	235	4	93	4	186	4	130	170	53	126	95	64	175	165	36	276	4	113	208	4	238	215	199	37	87	71	60	265	4	80	4	4	4	163	163	4	216	4	4	256	178	4	71	278	4	4	286	4	150	270	123	254	4	160	4	222	203	265	4	247	255	377	4	4	159	209	4	231	199	4	183	4	137	110	52	237	4	156	100	4	106	203	4	
189	264	238	431	191	208	416	299	204	278	418	257	123	343	146	250	455	188	386	258	312	168	353	243	306	371	321	293	237	300	167	90	206	307	376	332	127	253	114	142	139	85	276	128	134	406	219	122	306	381	136	411	276	360	273	173	437	399	346	399	422	204	101	323	410	351	217	391	352	382	269	410	269	485	321	369	203	310	480	280	156	414	139	463	285	278	137	144	452	218	359	310	223	216	402	294	256	180	247	229	297	115	197	345	163	152	370	313	322	225	248	403	260	363	305	111	263	358	412	170	97	312	123	203	317	136	339	155	145	378	339	80	424	188	192	340	364	387	323	431	117	206	178	161	436	268	176	122	122	339	411	285	399	393	370	266	336	283	209	130	379	409	196	463	337	345	451	266	445	289	253	324	380	299	422	142	388	383	278	275	145	288	393	143	369	429	179	395	237	228	209	140	378	399	212	173	356	219	367	115	
114	148	95	186	135	139	235	4	130	129	232	4	4	4	4	4	307	4	226	141	4	124	215	160	142	4	213	178	108	137	4	48	103	136	4	4	59	126	70	4	59	4	4	47	4	216	82	4	178	203	83	222	4	270	157	90	4	4	226	216	4	4	4	181	335	196	94	296	167	4	4	4	111	374	230	361	96	168	247	4	54	4	55	288	120	195	4	4	266	4	4	202	4	4	179	175	159	4	4	132	161	4	162	136	4	66	270	196	276	92	4	4	145	151	4	32	4	236	4	93	4	192	4	127	174	53	135	97	67	182	174	39	283	4	116	216	4	245	224	208	35	95	75	63	263	4	83	4	4	4	166	166	4	225	4	4	256	188	4	71	298	4	4	293	4	154	278	129	265	4	164	4	221	208	267	4	251	266	378	4	4	164	214	4	234	200	4	194	4	144	115	56	239	4	160	104	4	116	201	4	
186	261	248	425	198	209	409	297	200	284	417	255	124	337	150	252	463	184	385	256	321	174	350	255	305	371	331	295	242	299	166	97	202	304	376	332	128	261	109	140	144	89	279	125	139	399	215	121	309	386	130	414	275	361	285	175	437	404	353	395	425	207	100	327	417	353	220	392	358	373	269	402	277	481	324	364	209	305	486	283	159	423	137	471	289	278	144	142	448	221	362	305	219	222	409	303	256	180	255	232	293	123	190	340	163	152	377	316	328	232	248	409	258	366	296	113	258	368	419	161	97	325	127	204	334	135	343	149	150	382	347	84	425	186	197	339	363	395	328	427	112	209	180	172	434	276	179	129	121	336	413	287	402	395	363	277	341	279	208	135	373	408	200	472	344	359	452	277	457	291	252	322	380	301	424	147	396	390	288	274	150	289	395	131	371	429	170	392	235	238	213	141	384	385	200	172	357	220	380	114	
118	146	103	190	143	142	245	4	134	141	246	4	4	4	4	4	319	4	232	144	4	129	216	166	147	4	216	187	109	144	4	46	103	143	4	4	63	127	70	4	62	4	4	50	4	221	87	4	180	202	85	228	4	272	165	93	4	4	226	224	4	4	4	186	339	205	95	305	177	4	4	4	119	379	244	373	99	181	259	4	56	4	63	292	121	200	4	4	272	4	4	206	4	4	179	177	164	4	4	134	164	4	169	140	4	68	279	205	278	96	4	4	155	153	4	36	4	245	4	95	4	194	4	132	176	60	141	101	67	184	181	39	284	4	121	222	4	254	230	223	35	104	83	70	267	4	88	4	4	4	172	169	4	231	4	4	259	194	4	73	298	4	4	300	4	161	287	140	264	4	172	4	225	211	273	4	260	274	381	4	4	169	226	4	244	208	4	206	4	146	123	57	243	4	154	113	4	124	210	4	
180	275	253	440	200	217	402	288	214	289	411	260	133	344	152	249	459	187	387	259	320	177	340	260	297	367	333	295	241	293	165	109	209	302	374	332	124	263	118	137	152	90	277	132	144	398	205	119	306	385	130	425	282	366	285	174	443	415	361	383	432	210	101	328	418	360	214	405	357	377	272	420	285	482	320	358	208	300	479	284	154	440	142	476	286	282	137	135	459	237	357	314	225	232	436	301	247	183	260	234	302	120	190	333	167	154	379	307	326	223	256	406	262	369	301	108	260	365	407	164	96	326	128	202	325	143	356	144	156	379	351	83	420	184	198	345	362	394	326	427	115	213	182	176	425	275	187	125	121	337	421	284	401	394	365	271	343	282	210	141	375	407	196	463	351	355	452	280	460	286	255	326	386	305	411	143	404	409	288	287	145	296	390	133	381	426	183	400	237	239	210	145	377	390	207	178	350	214	378	112	
125	156	105	199	149	147	257	4	133	146	247	4	4	4	4	4	336	4	242	145	4	128	220	168	146	4	211	191	114	156	4	46	110	150	4	4	60	133	76	4	64	4	4	52	4	226	90	4	189	205	95	245	4	277	167	95	4	4	227	224	4	4	4	192	342	210	102	298	184	4	4	4	126	381	253	380	97	186	272	4	60	4	62	296	122	207	4	4	279	4	4	205	4	4	194	179	170	4	4	143	174	4	171	145	4	67	285	208	289	110	4	4	161	163	4	41	4	253	4	93	4	200	4	137	180	62	147	103	73	181	190	43	294	4	123	238	4	264	240	231	38	101	86	73	283	4	93	4	4	4	185	176	4	237	4	4	266	203	4	75	310	4	4	303	4	163	295	152	270	4	175	4	237	215	276	4	265	282	379	4	4	180	238	4	247	218	4	217	4	150	124	57	255	4	159	118	4	133	209	4	
173	269	245	426	193	208	399	293	217	290	406	262	136	335	154	251	468	183	387	259	315	181	345	253	304	375	335	293	243	301	174	109	200	298	369	340	129	261	119	138	150	88	275	140	144	397	212	124	305	380	124	423	284	351	284	177	442	424	357	376	435	210	104	342	419	361	216	399	347	378	270	424	285	466	336	353	200	308	474	296	154	440	143	477	291	283	140	138	466	233	351	318	224	226	429	305	254	186	267	236	303	117	192	336	165	153	378	305	335	225	253	401	264	375	292	105	260	360	406	163	98	323	130	199	329	145	347	145	166	396	363	83	420	175	194	340	369	395	327	428	115	209	177	176	419	275	184	130	117	333	419	284	393	399	356	273	352	281	209	145	386	406	196	455	351	360	449	287	464	293	259	326	393	303	417	142	394	411	289	282	142	295	382	132	384	414	181	400	241	242	208	145	377	401	206	174	357	223	387	117	
132	160	109	208	149	152	257	4	134	149	247	4	4	4	4	4	336	4	251	145	4	128	227	173	162	4	218	204	120	162	4	46	116	154	4	4	64	137	76	4	67	4	4	56	4	237	100	4	193	210	96	252	4	283	175	95	4	4	228	234	4	4	4	196	349	217	105	310	191	4	4	4	135	386	266	387	98	191	282	4	62	4	68	310	131	210	4	4	288	4	4	212	4	4	205	183	175	4	4	148	183	4	177	156	4	68	294	205	292	113	4	4	166	172	4	43	4	257	4	99	4	206	4	145	184	60	152	110	77	189	197	42	304	4	124	241	4	269	244	242	43	107	90	85	296	4	94	4	4	4	201	179	4	242	4	4	275	210	4	76	304	4	4	316	4	172	309	158	281	4	183	4	237	226	286	4	271	285	375	4	4	184	242	4	249	230	4	230	4	151	127	57	256	4	161	127	4	136	211	4	
179	274	247	439	188	202	390	297	212	289	409	265	135	332	152	246	481	189	387	265	316	182	356	260	301	365	330	292	236	303	172	113	200	309	388	339	128	258	121	143	144	88	278	140	145	392	220	123	300	386	126	423	284	343	285	176	443	426	361	369	451	205	105	343	421	359	216	393	355	378	269	435	292	470	338	366	205	308	466	309	157	430	139	478	288	286	146	141	464	231	356	327	218	224	421	303	251	176	266	232	305	115	196	339	168	161	368	307	328	231	255	396	259	387	295	102	262	370	413	165	102	330	133	199	333	146	347	152	169	386	367	83	424	182	199	335	368	407	329	429	115	213	183	173	425	270	180	134	118	337	408	294	373	409	361	266	353	279	213	152	389	410	201	458	347	362	434	277	470	294	252	325	398	289	419	147	383	415	295	284	140	295	391	135	388	398	180	398	246	241	206	152	367	398	212	169	359	215	389	118	
134	162	116	214	155	156	265	4	135	160	256	4	4	4	4	4	350	4	261	155	4	134	232	173	169	4	225	211	118	172	4	48	117	162	4	4	70	149	77	4	70	4	4	55	4	249	105	4	194	218	94	257	4	294	180	96	4	4	235	240	4	4	4	201	348	227	107	306	198	4	4	4	139	396	263	384	110	199	292	4	60	4	70	317	130	215	4	4	303	4	4	215	4	4	211	188	186	4	4	150	187	4	177	173	4	73	301	200	293	114	4	4	165	174	4	46	4	262	4	98	4	203	4	151	191	62	160	113	82	194	210	43	313	4	123	248	4	273	257	256	48	113	92	88	307	4	100	4	4	4	212	188	4	249	4	4	288	212	4	78	306	4	4	323	4	179	315	165	283	4	190	4	241	223	289	4	273	294	377	4	4	195	244	4	252	242	4	238	4	153	134	59	272	4	170	128	4	138	219	4	
169	273	252	447	190	205	388	296	212	302	414	270	132	353	158	241	491	189	393	267	311	185	356	262	297	376	327	296	237	307	171	115	195	312	398	341	121	262	129	140	143	88	275	132	142	381	215	118	299	381	122	429	292	334	279	178	439	434	375	378	454	213	103	331	424	349	219	392	357	376	268	427	283	461	345	375	205	311	463	304	156	434	138	472	298	273	150	136	455	227	363	327	219	226	420	301	248	184	262	230	309	121	195	338	159	158	363	303	328	231	247	400	260	378	298	106	262	357	430	169	101	329	129	200	334	143	338	147	173	388	355	89	430	188	200	339	365	399	324	437	118	210	183	171	429	280	172	135	115	335	413	291	386	411	354	259	363	282	213	161	380	413	196	456	337	367	430	257	471	304	249	320	403	288	420	148	384	419	289	282	137	290	394	131	396	395	183	401	248	237	207	152	379	393	222	163	364	217	393	109	
134	166	120	232	157	155	286	4	148	160	258	4	4	4	4	4	359	4	265	160	4	134	244	179	167	4	229	218	125	175	4	48	119	165	4	4	75	158	81	4	69	4	4	56	4	260	111	4	200	228	97	264	4	301	184	100	4	4	236	246	4	4	4	207	348	231	106	307	207	4	4	4	143	393	267	399	117	200	296	4	63	4	71	324	141	226	4	4	308	4	4	222	4	4	217	192	190	4	4	153	197	4	179	185	4	77	300	203	304	115	4	4	171	181	4	47	4	277	4	105	4	214	4	160	198	66	165	112	83	199	212	44	318	4	127	244	4	282	265	253	53	113	96	90	321	4	103	4	4	4	216	194	4	258	4	4	293	216	4	81	315	4	4	326	4	192	322	167	288	4	194	4	248	227	307	4	284	305	378	4	4	202	247	4	256	247	4	243	4	161	137	62	275	4	169	134	4	142	230	4	
166	275	251	456	194	203	392	302	214	309	422	275	136	351	158	249	497	191	386	270	310	184	353	260	298	357	316	298	243	310	174	117	189	325	410	350	125	266	127	139	142	89	271	127	145	383	215	118	303	375	121	430	283	341	284	179	444	434	371	380	450	208	113	339	429	353	220	393	344	376	263	434	275	461	351	376	201	314	459	311	160	435	135	481	302	268	146	131	453	221	366	328	227	233	430	298	251	193	272	226	309	128	197	338	160	159	365	316	337	231	251	410	267	380	300	114	258	364	434	165	95	331	135	203	332	141	344	151	164	385	356	95	433	193	201	335	369	406	323	437	119	213	177	178	425	281	172	131	113	333	412	300	386	436	343	259	355	286	213	160	383	411	199	457	343	366	435	269	473	308	244	314	413	288	419	146	390	423	286	279	140	286	387	135	394	412	180	397	254	243	207	159	385	396	221	162	367	225	398	113	
138	166	123	237	151	157	292	4	152	163	277	4	4	4	4	4	371	4	272	165	4	134	252	184	169	4	237	220	125	179	4	52	125	170	4	4	76	170	85	4	71	4	4	58	4	264	113	4	210	234	98	271	4	310	188	106	4	4	242	255	4	4	4	207	353	238	111	317	215	4	4	4	155	402	265	408	118	206	307	4	61	4	79	336	143	228	4	4	322	4	4	232	4	4	219	199	192	4	4	155	207	4	179	190	4	79	308	210	310	125	4	4	173	188	4	49	4	273	4	111	4	223	4	162	207	73	174	121	85	209	223	44	324	4	130	249	4	288	275	262	56	126	99	96	326	4	102	4	4	4	224	195	4	266	4	4	303	227	4	90	317	4	4	334	4	197	327	178	297	4	208	4	257	237	307	4	292	321	380	4	4	207	251	4	264	250	4	245	4	169	139	64	286	4	169	136	4	143	238	4	
163	282	255	457	189	202	395	299	215	309	417	267	125	351	156	242	497	185	388	278	307	186	350	264	297	358	325	301	248	307	180	118	191	323	404	349	122	279	130	133	145	94	270	122	140	393	220	123	301	373	123	429	289	346	288	182	451	441	374	378	447	205	108	336	435	348	214	389	346	379	272	426	277	469	340	369	209	316	477	319	152	443	136	481	301	269	140	131	447	225	368	328	233	229	433	300	258	193	282	225	323	124	197	348	164	159	382	314	339	235	253	413	262	388	295	115	266	377	448	166	99	334	131	207	335	143	346	154	173	386	364	96	426	199	194	341	378	406	328	439	124	210	171	184	424	280	176	134	114	339	410	290	391	425	342	262	357	275	214	157	380	410	194	449	344	361	439	264	466	302	245	319	412	292	402	148	377	427	283	291	138	288	398	142	404	404	184	399	258	248	212	153	385	396	225	165	368	230	409	105	
140	178	130	246	162	163	302	4	153	166	278	4	4	4	4	4	378	4	277	174	4	139	264	191	177	4	245	231	129	189	4	52	132	178	4	4	80	176	87	4	75	4	4	60	4	270	115	4	218	240	102	274	4	309	194	110	4	4	253	263	4	4	4	214	363	238	120	326	223	4	4	4	164	407	286	413	127	215	311	4	70	4	81	348	152	235	4	4	327	4	4	240	4	4	229	207	195	4	4	155	209	4	182	195	4	82	317	211	321	129	4	4	181	193	4	53	4	280	4	118	4	218	4	169	224	78	187	125	91	220	233	47	330	4	132	255	4	293	282	272	60	132	102	97	335	4	105	4	4	4	236	197	4	284	4	4	310	229	4	96	326	4	4	341	4	201	338	180	304	4	213	4	262	244	316	4	300	323	374	4	4	214	254	4	270	263	4	252	4	169	146	73	288	4	170	143	4	148	243	4	
166	285	257	463	186	210	396	300	218	311	414	263	123	361	152	244	499	179	390	290	303	180	351	266	293	362	324	295	240	304	178	117	189	327	408	360	124	269	127	139	150	91	272	120	138	388	219	122	297	363	130	437	298	361	290	182	463	447	371	387	455	205	108	341	423	357	212	403	350	364	278	432	284	470	329	380	216	314	480	321	153	448	138	485	296	273	144	140	453	231	363	322	238	234	418	304	261	179	284	215	315	122	201	348	158	167	387	323	346	241	255	420	257	390	298	114	268	386	451	159	96	338	124	216	339	146	352	151	179	387	370	97	432	199	193	346	368	401	330	445	128	210	172	191	430	282	186	133	114	342	426	285	390	423	336	258	349	279	213	158	382	411	192	462	339	362	446	259	466	304	249	311	424	304	406	147	368	433	285	290	138	289	399	136	403	392	189	402	253	255	210	151	380	400	224	172	369	226	409	103	
150	183	142	251	171	161	306	4	156	173	287	4	4	4	4	4	382	4	287	181	4	140	268	203	189	4	248	246	132	191	4	55	134	181	4	4	84	176	91	4	76	4	4	63	4	274	120	4	220	249	99	281	4	321	194	113	4	4	262	274	4	4	4	217	379	251	125	328	237	4	4	4	168	404	290	414	135	225	323	4	77	4	80	354	157	232	4	4	344	4	4	248	4	4	244	210	198	4	4	161	208	4	188	200	4	86	318	213	320	126	4	4	181	208	4	57	4	291	4	118	4	216	4	165	230	80	201	123	92	225	228	49	336	4	131	268	4	299	285	280	62	138	102	99	333	4	105	4	4	4	248	206	4	285	4	4	314	231	4	101	328	4	4	345	4	202	353	186	306	4	215	4	265	254	320	4	304	334	384	4	4	219	255	4	273	265	4	263	4	173	149	81	295	4	181	140	4	152	249	4	
166	282	258	463	197	213	393	307	216	300	416	266	119	364	154	244	504	182	391	285	312	184	341	264	296	365	308	285	234	301	183	114	190	321	408	366	124	274	128	139	145	92	274	123	138	370	216	120	309	366	131	432	299	360	296	184	469	445	365	400	450	200	116	335	431	360	215	399	349	369	280	439	287	474	344	384	214	323	484	326	150	443	139	480	311	271	141	141	453	234	370	315	241	232	412	314	264	177	283	218	320	134	202	353	160	170	383	320	348	246	249	431	264	396	298	115	265	388	448	154	95	333	124	209	348	146	355	156	176	389	370	92	434	198	187	354	363	398	329	440	128	212	178	182	434	283	183	134	112	338	424	279	385	432	349	260	350	274	212	154	385	407	194	461	355	360	446	257	466	300	244	307	430	303	407	148	368	438	288	296	142	297	409	136	396	388	189	399	261	260	203	153	378	401	232	176	373	228	412	106	
149	188	146	259	171	162	313	4	158	185	287	4	4	4	4	4	389	4	286	188	4	148	272	204	193	4	256	253	136	191	4	57	140	192	4	4	90	175	94	4	76	4	4	69	4	282	127	4	222	250	104	289	4	318	207	119	4	4	260	275	4	4	4	229	379	255	126	335	237	4	4	4	172	405	289	410	142	226	336	4	81	4	81	359	178	234	4	4	355	4	4	248	4	4	247	215	196	4	4	166	214	4	190	200	4	89	326	218	328	128	4	4	189	215	4	57	4	299	4	121	4	218	4	173	229	86	209	126	97	237	242	50	345	4	137	277	4	300	288	276	62	141	107	99	342	4	104	4	4	4	256	215	4	293	4	4	317	239	4	103	330	4	4	365	4	207	361	191	319	4	215	4	265	264	332	4	310	343	392	4	4	222	255	4	274	271	4	269	4	177	150	90	298	4	179	143	4	150	257	4	
171	287	258	457	208	214	398	307	215	299	418	262	123	356	148	252	501	193	395	287	316	176	339	270	302	359	314	288	240	307	188	116	186	322	408	368	121	278	129	135	152	94	274	120	136	369	208	120	319	369	130	436	301	367	286	191	464	440	364	408	458	200	109	342	435	360	215	412	352	373	281	440	285	478	347	384	220	316	481	335	146	440	141	479	313	274	143	139	450	237	374	314	236	225	403	306	256	175	285	226	315	127	199	362	170	177	373	321	360	246	249	431	276	400	301	120	264	404	456	156	97	331	130	208	349	146	364	155	178	374	375	90	445	196	179	355	363	405	328	446	129	204	164	200	433	284	190	133	112	341	419	279	390	429	351	264	350	286	215	154	383	408	199	473	363	362	444	262	453	306	248	313	422	297	408	149	368	440	282	293	148	294	422	133	384	380	190	400	270	248	203	153	372	408	221	184	372	232	409	113	
153	198	149	260	175	160	316	4	162	183	292	4	4	4	4	4	391	4	293	191	4	153	279	207	201	4	263	266	137	202	4	58	147	203	4	4	92	177	92	4	78	4	4	68	4	297	130	4	237	255	109	292	4	323	212	123	4	4	264	283	4	4	4	235	369	271	128	336	238	4	4	4	178	409	289	416	148	231	336	4	84	4	85	364	182	243	4	4	358	4	4	250	4	4	255	212	203	4	4	174	222	4	190	207	4	90	333	213	331	129	4	4	194	215	4	64	4	305	4	125	4	216	4	174	236	87	209	128	104	235	253	51	350	4	139	287	4	305	284	278	62	145	108	108	357	4	107	4	4	4	265	215	4	293	4	4	315	244	4	106	337	4	4	371	4	214	366	198	322	4	220	4	270	270	339	4	306	350	393	4	4	235	259	4	281	281	4	272	4	176	154	93	306	4	180	144	4	155	262	4	
172	278	248	457	207	214	391	314	214	303	413	270	116	370	147	256	494	198	398	281	332	176	336	264	302	356	320	299	239	310	188	120	179	323	417	367	119	276	127	123	149	95	263	122	141	372	217	122	333	368	131	419	294	368	291	192	463	449	375	401	460	203	111	344	416	356	213	419	367	373	289	434	287	479	354	397	224	320	491	335	144	451	138	480	318	276	144	143	450	242	379	306	229	227	391	317	252	175	292	230	312	127	201	368	159	178	382	309	360	254	262	438	274	402	299	117	258	409	453	155	96	326	133	212	357	143	367	158	182	375	372	93	450	198	176	360	356	411	331	458	129	204	166	203	425	284	191	135	115	342	420	286	395	429	349	261	339	287	219	155	389	406	208	468	363	368	446	257	456	308	257	309	416	309	412	146	375	429	287	301	149	295	423	132	365	371	189	389	264	255	208	153	376	415	224	178	375	232	417	107	
